1000.0 100.0 1.0 1.0E-4 0.1 4.495562231758092E-6 0.09554491937627328 3 0
1000.0 100.0 1.0 1.0E-4 0.3 4.495562227223961E-6 0.2955449193762567 3 0
1000.0 100.0 1.0 1.0E-4 0.5 4.495562227223961E-6 0.495544919376237 3 0
1000.0 100.0 1.0 1.0E-4 0.8 4.495562237388846E-6 0.7955449193762075 3 0
1000.0 100.0 1.0 3.0E-5 0.1 4.842678573640965E-6 0.09555624725668656 3 0
1000.0 100.0 1.0 3.0E-5 0.3 4.844209926052795E-6 0.2955651534245807 3 0
1000.0 100.0 1.0 3.0E-5 0.5 4.8426634973313E-6 0.49554734108858645 3 0
1000.0 100.0 1.0 3.0E-5 0.8 4.842663496475122E-6 0.7955473410883602 3 0
1000.0 100.0 1.0 1.0E-5 0.1 4.947023090896542E-6 0.09554802709833896 3 0
1000.0 100.0 1.0 1.0E-5 0.3 4.947023083374849E-6 0.2955480270984855 3 0
1000.0 100.0 1.0 1.0E-5 0.5 4.9470230833067405E-6 0.4955480270986636 3 0
1000.0 100.0 1.0 1.0E-5 0.8 4.9470230794915525E-6 0.7955480270974484 3 0
1000.0 100.0 3.0 1.0E-4 0.1 1.4988746387856752E-6 0.08672391225549873 3 0
1000.0 100.0 3.0 1.0E-4 0.3 1.4987971064197832E-6 0.28681298761075447 3 0
1000.0 100.0 3.0 1.0E-4 0.5 1.4988915012536287E-6 0.48663475812859314 3 0
1000.0 100.0 3.0 1.0E-4 0.8 1.498891504447355E-6 0.786634758128564 3 0
1000.0 100.0 3.0 3.0E-5 0.1 1.6144019323252047E-6 0.08665092943226416 3 0
1000.0 100.0 3.0 3.0E-5 0.3 1.6144000723739775E-6 0.28671326762843136 3 0
1000.0 100.0 3.0 3.0E-5 0.5 1.6144038473994722E-6 0.48669546027182653 3 0
1000.0 100.0 3.0 3.0E-5 0.8 1.6144046335262698E-6 0.7866687417681668 3 0
1000.0 100.0 3.0 1.0E-5 0.1 1.649153019049886E-6 0.0866529855426211 3 0
1000.0 100.0 3.0 1.0E-5 0.3 1.649329189454872E-6 0.2866618897697549 3 0
1000.0 100.0 3.0 1.0E-5 0.5 1.649150289212865E-6 0.48664408129211745 3 0
1000.0 100.0 3.0 1.0E-5 0.8 1.649150285597364E-6 0.7866440812918892 3 0
1000.0 100.0 10.0 1.0E-4 0.1 4.4971122530008913E-7 0.05544919376179016 3 0
1000.0 100.0 10.0 1.0E-4 0.3 4.497112253318842E-7 0.25544919376179026 3 0
1000.0 100.0 10.0 1.0E-4 0.5 4.497112253318842E-7 0.45544919376179044 3 0
1000.0 100.0 10.0 1.0E-4 0.8 4.497112247841027E-7 0.7554491937617905 3 0
1000.0 100.0 10.0 3.0E-5 0.1 4.843322826955497E-7 0.055562472560574026 3 0
1000.0 100.0 10.0 3.0E-5 0.3 4.843320445537933E-7 0.25565153423978343 3 0
1000.0 100.0 10.0 3.0E-5 0.5 4.843307746760897E-7 0.45547341088137955 3 0
1000.0 100.0 10.0 3.0E-5 0.8 4.843307732134072E-7 0.7554734108813504 3 0
1000.0 100.0 10.0 1.0E-5 0.1 4.947381469451702E-7 0.05548027097230476 3 0
1000.0 100.0 10.0 1.0E-5 0.3 4.947381483653897E-7 0.2554802709722885 3 0
1000.0 100.0 10.0 1.0E-5 0.5 4.947381483653897E-7 0.45548027097226906 3 0
1000.0 100.0 10.0 1.0E-5 0.8 4.947381473991713E-7 0.7554802709722391 3 0
1000.0 100.0 30.0 1.0E-4 0.1 1.4987784527175526E-7 4.146064701619482E-4 3 0
1000.0 100.0 30.0 1.0E-4 0.3 1.499313878691874E-7 0.16812987610709085 3 0
1000.0 100.0 30.0 1.0E-4 0.5 1.499408303610414E-7 0.3663475812853457 3 0
1000.0 100.0 30.0 1.0E-4 0.8 1.4994083020666333E-7 0.6663475812853464 3 0
1000.0 100.0 30.0 3.0E-5 0.1 1.6142315409332435E-7 9.818215984262014E-5 3 0
1000.0 100.0 30.0 3.0E-5 0.3 1.6146148477608642E-7 0.16713267628484435 3 0
1000.0 100.0 30.0 3.0E-5 0.5 1.6146186167789939E-7 0.3669546027192191 3 0
1000.0 100.0 30.0 3.0E-5 0.8 1.614619407910649E-7 0.6666874176815949 3 0
1000.0 100.0 30.0 1.0E-5 0.1 1.649052069077411E-7 1.817352672526157E-5 3 0
1000.0 100.0 30.0 1.0E-5 0.3 1.6491004565419797E-7 0.16661889769154276 3 0
1000.0 100.0 30.0 1.0E-5 0.5 1.6490956635848282E-7 0.3664408129166878 3 0
1000.0 100.0 30.0 1.0E-5 0.8 1.649095671308929E-7 0.6664408129166585 3 0
1000.0 300.0 1.0 1.0E-4 0.1 4.834508251881828E-6 0.09837140909749609 3 0
1000.0 300.0 1.0 1.0E-4 0.3 4.8345082538089396E-6 0.29837140909747845 3 0
1000.0 300.0 1.0 1.0E-4 0.5 4.8345082538089396E-6 0.49837140909745675 3 0
1000.0 300.0 1.0 1.0E-4 0.8 4.834508250203302E-6 0.7983714090974235 3 0
1000.0 300.0 1.0 3.0E-5 0.1 4.949880544705063E-6 0.09838182327896261 3 0
1000.0 300.0 1.0 3.0E-5 0.3 4.9499419695160065E-6 0.29839159098841206 3 0
1000.0 300.0 1.0 3.0E-5 0.5 4.9496407530129265E-6 0.49837205514139055 3 0
1000.0 300.0 1.0 3.0E-5 0.8 4.9496407570392925E-6 0.7983720551411417 3 0
1000.0 300.0 1.0 1.0E-5 0.1 4.983256339017557E-6 0.0983722364319332 3 0
1000.0 300.0 1.0 1.0E-5 0.3 4.983256344567515E-6 0.2983722364320939 3 0
1000.0 300.0 1.0 1.0E-5 0.5 4.98325634419744E-6 0.4983722364322899 3 0
1000.0 300.0 1.0 1.0E-5 0.8 4.9832563314335406E-6 0.798372236430956 3 0
1000.0 300.0 3.0 1.0E-4 0.1 1.6120533640721424E-6 0.09521196444799804 3 0
1000.0 300.0 3.0 1.0E-4 0.3 1.611410750448153E-6 0.2953096690707388 3 0
1000.0 300.0 3.0 1.0E-4 0.5 1.6114915570403841E-6 0.4951142272922397 3 0
1000.0 300.0 3.0 1.0E-4 0.8 1.6114915524268976E-6 0.7951142272922073 3 0
1000.0 300.0 3.0 3.0E-5 0.1 1.6499634757672524E-6 0.09512593355999378 3 0
1000.0 300.0 3.0 3.0E-5 0.3 1.6498450293773509E-6 0.29519430728440177 3 0
1000.0 300.0 3.0 3.0E-5 0.5 1.6498647648521642E-6 0.49517477296313944 3 0
1000.0 300.0 3.0 3.0E-5 0.8 1.6498442892949167E-6 0.7951454698348099 3 0
1000.0 300.0 3.0 1.0E-5 0.1 1.6610520326545963E-6 0.09512647604197076 3 0
1000.0 300.0 3.0 1.0E-5 0.3 1.6610792017834569E-6 0.29513624253948695 3 0
1000.0 300.0 3.0 1.0E-5 0.5 1.6610739461595226E-6 0.49511670929262086 3 0
1000.0 300.0 3.0 1.0E-5 0.8 1.6610739452081915E-6 0.7951167092923712 3 0
1000.0 300.0 10.0 1.0E-4 0.1 4.835038906227607E-7 0.08371409097392696 3 0
1000.0 300.0 10.0 1.0E-4 0.3 4.835038905034665E-7 0.28371409097392725 3 0
1000.0 300.0 10.0 1.0E-4 0.5 4.835038905034665E-7 0.4837140909739274 3 0
1000.0 300.0 10.0 1.0E-4 0.8 4.835038912351029E-7 0.783714090973927 3 0
1000.0 300.0 10.0 3.0E-5 0.1 4.949569533371811E-7 0.08381823278272342 3 0
1000.0 300.0 10.0 3.0E-5 0.3 4.94963095489047E-7 0.28391590987752774 3 0
1000.0 300.0 10.0 3.0E-5 0.5 4.949827472771002E-7 0.4837205514089868 3 0
1000.0 300.0 10.0 3.0E-5 0.8 4.949827464680269E-7 0.783720551408954 3 0
1000.0 300.0 10.0 1.0E-5 0.1 4.983222409532268E-7 0.08372236430717767 3 0
1000.0 300.0 10.0 1.0E-5 0.3 4.983222414118199E-7 0.2837223643071591 3 0
1000.0 300.0 10.0 1.0E-5 0.5 4.983222414118199E-7 0.48372236430713744 3 0
1000.0 300.0 10.0 1.0E-5 0.8 4.983222372916495E-7 0.7837223643071064 3 0
1000.0 300.0 30.0 1.0E-4 0.1 1.61223030919835E-7 0.05211964447949411 3 0
1000.0 300.0 30.0 1.0E-4 0.3 1.6115876245329313E-7 0.2530966907068884 3 0
1000.0 300.0 30.0 1.0E-4 0.5 1.611668439360982E-7 0.4511422729217536 3 0
1000.0 300.0 30.0 1.0E-4 0.8 1.6116684395569752E-7 0.7511422729217537 3 0
1000.0 300.0 30.0 3.0E-5 0.1 1.6498598043168912E-7 0.051259335600517805 3 0
1000.0 300.0 30.0 3.0E-5 0.3 1.649907266117745E-7 0.251943072844602 3 0
1000.0 300.0 30.0 3.0E-5 0.5 1.6499270026111903E-7 0.45174772963243726 3 0
1000.0 300.0 30.0 3.0E-5 0.8 1.6499065274333153E-7 0.751454698348032 3 0
1000.0 300.0 30.0 1.0E-5 0.1 1.6610407224568216E-7 0.05126476041280649 3 0
1000.0 300.0 30.0 1.0E-5 0.3 1.6610678909109974E-7 0.2513624253882751 3 0
1000.0 300.0 30.0 1.0E-5 0.5 1.6610626355238327E-7 0.4511670929212841 3 0
1000.0 300.0 30.0 1.0E-5 0.8 1.661062635621424E-7 0.7511670929212542 3 0
1000.0 1000.0 1.0 1.0E-4 0.1 4.950214164627391E-6 0.09950150241476784 3 0
1000.0 1000.0 1.0 1.0E-4 0.3 4.95021416587233E-6 0.2995015024147493 3 0
1000.0 1000.0 1.0 1.0E-4 0.5 4.950214166094374E-6 0.4995015024147274 3 0
1000.0 1000.0 1.0 1.0E-4 0.8 4.9502141641373385E-6 0.7995015024146943 3 0
1000.0 1000.0 1.0 3.0E-5 0.1 4.984929778777608E-6 0.09951157518951192 3 0
1000.0 1000.0 1.0 3.0E-5 0.3 4.984983193945091E-6 0.299521543026866 3 0
1000.0 1000.0 1.0 3.0E-5 0.5 4.985046048129964E-6 0.49950160730218185 3 0
1000.0 1000.0 1.0 3.0E-5 0.8 4.985046054693954E-6 0.7995016073019278 3 0
1000.0 1000.0 1.0 1.0E-5 0.1 4.995000564199091E-6 0.09950163583860715 3 0
1000.0 1000.0 1.0 1.0E-5 0.3 4.995000558558822E-6 0.29950163583877226 3 0
1000.0 1000.0 1.0 1.0E-5 0.5 4.99500055677891E-6 0.4995016358389715 3 0
1000.0 1000.0 1.0 1.0E-5 0.8 4.99500057010528E-6 0.7995016358376109 3 0
1000.0 1000.0 3.0 1.0E-4 0.1 1.6500457250317985E-6 0.09860420756844608 3 0
1000.0 1000.0 3.0 1.0E-4 0.3 1.64997698566609E-6 0.298703907892859 3 0
1000.0 1000.0 3.0 1.0E-4 0.5 1.6499355195161646E-6 0.49850450724405015 3 0
1000.0 1000.0 3.0 1.0E-4 0.8 1.6499355202258943E-6 0.798504507244017 3 0
1000.0 1000.0 3.0 3.0E-5 0.1 1.6616763913860678E-6 0.09851478989157855 3 0
1000.0 1000.0 3.0 3.0E-5 0.3 1.6616554850277248E-6 0.2985845647532732 3 0
1000.0 1000.0 3.0 3.0E-5 0.5 1.6616431160895528E-6 0.49856462907845667 3 0
1000.0 1000.0 3.0 3.0E-5 0.8 1.661625312831138E-6 0.7985347255664166 3 0
1000.0 1000.0 3.0 1.0E-5 0.1 1.665009885231744E-6 0.09851487485122838 3 0
1000.0 1000.0 3.0 1.0E-5 0.3 1.664997618527952E-6 0.2985248421237255 3 0
1000.0 1000.0 3.0 1.0E-5 0.5 1.6649972048718518E-6 0.49850490751257587 3 0
1000.0 1000.0 3.0 1.0E-5 0.8 1.664997200093628E-6 0.7985049075123217 3 0
1000.0 1000.0 10.0 1.0E-4 0.1 4.94995895743076E-7 0.09501502414662401 3 0
1000.0 1000.0 10.0 1.0E-4 0.3 4.949958954455078E-7 0.2950150241466243 3 0
1000.0 1000.0 10.0 1.0E-4 0.5 4.949958954455078E-7 0.49501502414662446 3 0
1000.0 1000.0 10.0 1.0E-4 0.8 4.949958960151231E-7 0.7950150241466243 3 0
1000.0 1000.0 10.0 3.0E-5 0.1 4.984868928031004E-7 0.09511575188807576 3 0
1000.0 1000.0 10.0 3.0E-5 0.3 4.984922335796479E-7 0.29521543026192765 3 0
1000.0 1000.0 10.0 3.0E-5 0.5 4.984985194501014E-7 0.4950160730167968 3 0
1000.0 1000.0 10.0 3.0E-5 0.8 4.984985194841613E-7 0.7950160730167639 3 0
1000.0 1000.0 10.0 1.0E-5 0.1 4.994974332907785E-7 0.09501635837366483 3 0
1000.0 1000.0 10.0 1.0E-5 0.3 4.994974335314513E-7 0.2950163583736463 3 0
1000.0 1000.0 10.0 1.0E-5 0.5 4.994974335425536E-7 0.49501635837362434 3 0
1000.0 1000.0 10.0 1.0E-5 0.8 4.994974322069252E-7 0.7950163583735915 3 0
1000.0 1000.0 30.0 1.0E-4 0.1 1.6499606569102467E-7 0.08604207568396431 3 0
1000.0 1000.0 30.0 1.0E-4 0.3 1.6500569924252394E-7 0.28703907892808483 3 0
1000.0 1000.0 30.0 1.0E-4 0.5 1.6500155243827353E-7 0.4850450724398445 3 0
1000.0 1000.0 30.0 1.0E-4 0.8 1.650015525319697E-7 0.7850450724398446 3 0
1000.0 1000.0 30.0 3.0E-5 0.1 1.661656104546723E-7 0.0851478989163762 3 0
1000.0 1000.0 30.0 3.0E-5 0.3 1.66163520025013E-7 0.2858456475333317 3 0
1000.0 1000.0 30.0 3.0E-5 0.5 1.661622831030616E-7 0.4856462907856333 3 0
1000.0 1000.0 30.0 3.0E-5 0.8 1.6616549007932168E-7 0.7853472556640864 3 0
1000.0 1000.0 30.0 1.0E-5 0.1 1.664984480097409E-7 0.08514874850524165 3 0
1000.0 1000.0 30.0 1.0E-5 0.3 1.6649888721530971E-7 0.2852484212305251 3 0
1000.0 1000.0 30.0 1.0E-5 0.5 1.6649884569681402E-7 0.48504907512074225 3 0
1000.0 1000.0 30.0 1.0E-5 0.8 1.6649884520054133E-7 0.7850490751207085 3 0
1000.0 3000.0 1.0 1.0E-4 0.1 4.98328717101439E-6 0.09983338846970909 3 0
1000.0 3000.0 1.0 1.0E-4 0.3 4.983287171772473E-6 0.29983338846969054 3 0
1000.0 3000.0 1.0 1.0E-4 0.5 4.983287172327585E-6 0.4998333884696685 3 0
1000.0 3000.0 1.0 1.0E-4 0.8 4.983287172443554E-6 0.7998333884696355 3 0
1000.0 3000.0 1.0 3.0E-5 0.1 4.995008083114863E-6 0.0998434035420398 3 0
1000.0 3000.0 1.0 3.0E-5 0.3 4.995051397028028E-6 0.29985339909200537 3 0
1000.0 3000.0 1.0 3.0E-5 0.5 4.995004929774106E-6 0.49983340798550935 3 0
1000.0 3000.0 1.0 3.0E-5 0.8 4.995004938073078E-6 0.7998334079852544 3 0
1000.0 3000.0 1.0 1.0E-5 0.1 4.998379373847783E-6 0.09983341259424987 3 0
1000.0 3000.0 1.0 1.0E-5 0.3 4.998379367250464E-6 0.2998334125944151 3 0
1000.0 3000.0 1.0 1.0E-5 0.5 4.9983793609592E-6 0.4998334125946149 3 0
1000.0 3000.0 1.0 1.0E-5 0.8 4.998379408231936E-6 0.7998334125932506 3 0
1000.0 3000.0 3.0 1.0E-4 0.1 1.6611072073279198E-6 0.09960013430132753 3 0
1000.0 3000.0 3.0 1.0E-4 0.3 1.6611155826916886E-6 0.2997001006033343 3 0
1000.0 3000.0 3.0 1.0E-4 0.5 1.6611005363051041E-6 0.4995001654088732 3 0
1000.0 3000.0 3.0 1.0E-4 0.8 1.6611005369358794E-6 0.7995001654088403 3 0
1000.0 3000.0 3.0 3.0E-5 0.1 1.6649949699613466E-6 0.09951021951126797 3 0
1000.0 3000.0 3.0 3.0E-5 0.3 1.6649864133707252E-6 0.2995801881866649 3 0
1000.0 3000.0 3.0 3.0E-5 0.5 1.6650117204159352E-6 0.49956019727387035 3 0
1000.0 3000.0 3.0 3.0E-5 0.8 1.6649972813654813E-6 0.799530210623994 3 0
1000.0 3000.0 3.0 1.0E-5 0.1 1.6661140214547997E-6 0.09951023303613594 3 0
1000.0 3000.0 3.0 1.0E-5 0.3 1.6661133574149825E-6 0.2995202282898046 3 0
1000.0 3000.0 3.0 1.0E-5 0.5 1.6661149421452704E-6 0.49950023777949537 3 0
1000.0 3000.0 3.0 1.0E-5 0.8 1.6661149448032568E-6 0.7995002377792407 3 0
1000.0 3000.0 10.0 1.0E-4 0.1 4.983264972846703E-7 0.09833388469603406 3 0
1000.0 3000.0 10.0 1.0E-4 0.3 4.9832649725547E-7 0.29833388469603417 3 0
1000.0 3000.0 10.0 1.0E-4 0.5 4.9832649725547E-7 0.49833388469603435 3 0
1000.0 3000.0 10.0 1.0E-4 0.8 4.983264969747082E-7 0.7983338846960346 3 0
1000.0 3000.0 10.0 3.0E-5 0.1 4.995001505382163E-7 0.09843403541333541 3 0
1000.0 3000.0 10.0 3.0E-5 0.3 4.995044820239522E-7 0.2985339909133069 3 0
1000.0 3000.0 10.0 3.0E-5 0.5 4.99499834482547E-7 0.49833407985006 3 0
1000.0 3000.0 10.0 3.0E-5 0.8 4.994998346748883E-7 0.798334079850027 3 0
1000.0 3000.0 10.0 1.0E-5 0.1 4.998317776558102E-7 0.09833412593005844 3 0
1000.0 3000.0 10.0 1.0E-5 0.3 4.998317774457865E-7 0.2983341259300401 3 0
1000.0 3000.0 10.0 1.0E-5 0.5 4.99831777453188E-7 0.4983341259300181 3 0
1000.0 3000.0 10.0 1.0E-5 0.8 4.99831778216904E-7 0.7983341259299848 3 0
1000.0 3000.0 30.0 1.0E-4 0.1 1.661099807082894E-7 0.09600134301277738 3 0
1000.0 3000.0 30.0 1.0E-4 0.3 1.6611081816818424E-7 0.29700100603283425 3 0
1000.0 3000.0 30.0 1.0E-4 0.5 1.6610931363438018E-7 0.49500165408807434 3 0
1000.0 3000.0 30.0 1.0E-4 0.8 1.6610931355559588E-7 0.7950016540880745 3 0
1000.0 3000.0 30.0 3.0E-5 0.1 1.6649927695325637E-7 0.09510219511327296 3 0
1000.0 3000.0 30.0 3.0E-5 0.3 1.664984213425423E-7 0.295801881867248 3 0
1000.0 3000.0 30.0 3.0E-5 0.5 1.6649928689016222E-7 0.49560197273977213 3 0
1000.0 3000.0 30.0 3.0E-5 0.8 1.664995081691568E-7 0.7953021062398644 3 0
1000.0 3000.0 30.0 1.0E-5 0.1 1.6661101399922944E-7 0.09510233035429659 3 0
1000.0 3000.0 30.0 1.0E-5 0.3 1.6661150299577437E-7 0.2952022828912988 3 0
1000.0 3000.0 30.0 1.0E-5 0.5 1.6661110606308174E-7 0.4950023777899216 3 0
1000.0 3000.0 30.0 1.0E-5 0.8 1.666111060840071E-7 0.7950023777898882 3 0
1000.0 10000.0 1.0 1.0E-4 0.1 1.0000199999999788 0.09990000000010675 2 0
1000.0 10000.0 1.0 1.0E-4 0.3 1.0000199999999824 0.2999000000000882 2 0
1000.0 10000.0 1.0 1.0E-4 0.5 1.0000199999999868 0.4999000000000662 2 0
1000.0 10000.0 1.0 1.0E-4 0.8 1.0000199999999935 0.7999000000000331 2 0
1000.0 10000.0 1.0 3.0E-5 0.1 3.9986821414676594E-6 0.09996000151491595 3 0
1000.0 10000.0 1.0 3.0E-5 0.3 2.9990140906442893E-6 0.2999700011448902 3 0
1000.0 10000.0 1.0 3.0E-5 0.5 4.998350215564078E-6 0.49995000188470906 3 0
1000.0 10000.0 1.0 3.0E-5 0.8 4.9983502410601255E-6 0.7999500018844541 3 0
1000.0 10000.0 1.0 1.0E-5 0.1 4.999304918056128E-6 0.09995000253506583 3 0
1000.0 10000.0 1.0 1.0E-5 0.3 4.999304901514494E-6 0.29995000253523124 3 0
1000.0 10000.0 1.0 1.0E-5 0.5 4.999304881508276E-6 0.49995000253543126 3 0
1000.0 10000.0 1.0 1.0E-5 0.8 4.999305018017075E-6 0.7999500025340661 3 0
1000.0 10000.0 3.0 1.0E-4 0.1 1.00001333333333 0.0998000000000501 2 0
1000.0 10000.0 3.0 1.0E-4 0.3 1.0000066666666632 0.2999000000000512 2 0
1000.0 10000.0 3.0 1.0E-4 0.5 1.0000199999999957 0.49970000000006615 2 0
1000.0 10000.0 3.0 1.0E-4 0.8 1.0000199999999977 0.7997000000000332 2 0
1000.0 10000.0 3.0 3.0E-5 0.1 1.6661633356045618E-6 0.09986000528254259 3 0
1000.0 10000.0 3.0 3.0E-5 0.3 1.6661756464794236E-6 0.29993000266097214 3 0
1000.0 10000.0 3.0 3.0E-5 0.5 1.6661699760338275E-6 0.4999100034325233 3 0
1000.0 10000.0 3.0 3.0E-5 0.8 1.6661670286778877E-6 0.7998800045426214 3 0
1000.0 10000.0 3.0 1.0E-5 0.1 1.6665034481999843E-6 0.09986000710183564 3 0
1000.0 10000.0 3.0 1.0E-5 0.3 1.6665062660330782E-6 0.29987000659181523 3 0
1000.0 10000.0 3.0 1.0E-5 0.5 1.666503909954976E-6 0.49985000760194254 3 0
1000.0 10000.0 3.0 1.0E-5 0.8 1.6665039128803358E-6 0.799850007601687 3 0
1000.0 10000.0 10.0 1.0E-4 0.1 1.00002 0.0990000000000103 2 0
1000.0 10000.0 10.0 1.0E-4 0.3 1.00002 0.2990000000000105 2 0
1000.0 10000.0 10.0 1.0E-4 0.5 1.00002 0.49900000000001066 2 0
1000.0 10000.0 10.0 1.0E-4 0.8 1.00002 0.7990000000000109 2 0
1000.0 10000.0 10.0 3.0E-5 0.1 4.998499037746833E-7 0.09960001514209378 3 0
1000.0 10000.0 10.0 3.0E-5 0.3 4.99850787386655E-7 0.2997000114421505 3 0
1000.0 10000.0 10.0 3.0E-5 0.5 4.998495390406362E-7 0.4995000188420542 3 0
1000.0 10000.0 10.0 3.0E-5 0.8 4.99849539118584E-7 0.799500018842021 3 0
1000.0 10000.0 10.0 1.0E-5 0.1 4.999503678399324E-7 0.09950002533821356 3 0
1000.0 10000.0 10.0 1.0E-5 0.3 4.999503678795974E-7 0.29950002533819503 3 0
1000.0 10000.0 10.0 1.0E-5 0.5 4.999503678962508E-7 0.499500025338173 3 0
1000.0 10000.0 10.0 1.0E-5 0.8 4.999503680319014E-7 0.79950002533814 3 0
1000.0 10000.0 30.0 1.0E-4 0.1 1.0000133333333336 0.09800000000000286 2 0
1000.0 10000.0 30.0 1.0E-4 0.3 1.0000066666666667 0.29900000000000304 2 0
1000.0 10000.0 30.0 1.0E-4 0.5 1.0000200000000001 0.4970000000000032 2 0
1000.0 10000.0 30.0 1.0E-4 0.8 1.0000200000000001 0.7970000000000035 2 0
1000.0 10000.0 30.0 3.0E-5 0.1 1.6661667236743245E-7 0.09860005282601939 3 0
1000.0 10000.0 30.0 3.0E-5 0.3 1.666164038441439E-7 0.29930002661032046 3 0
1000.0 10000.0 30.0 3.0E-5 0.5 1.6661633659855212E-7 0.4991000343263026 3 0
1000.0 10000.0 30.0 3.0E-5 0.8 1.6661654185448728E-7 0.7988000454261396 3 0
1000.0 10000.0 30.0 1.0E-5 0.1 1.666501342361661E-7 0.09860007101128995 3 0
1000.0 10000.0 30.0 1.0E-5 0.3 1.6664991612669295E-7 0.2987000659113992 3 0
1000.0 10000.0 30.0 1.0E-5 0.5 1.666498467346329E-7 0.4985000760143864 3 0
1000.0 10000.0 30.0 1.0E-5 0.8 1.6664984677333645E-7 0.7985000760143534 3 0
3000.0 100.0 1.0 1.0E-4 0.1 3.4537014191533018E-6 0.09602263356240248 3 0
3000.0 100.0 1.0 1.0E-4 0.3 3.453701412106862E-6 0.29602263356238784 3 0
3000.0 100.0 1.0 1.0E-4 0.5 3.453701412106862E-6 0.49602263356237064 3 0
3000.0 100.0 1.0 1.0E-4 0.8 3.453701395884289E-6 0.7960226335623445 3 0
3000.0 100.0 1.0 3.0E-5 0.1 4.477958813478625E-6 0.09603437904502865 3 0
3000.0 100.0 1.0 3.0E-5 0.3 4.4755542435445356E-6 0.2960423247959391 3 0
3000.0 100.0 1.0 3.0E-5 0.5 4.475419507275079E-6 0.49602642762700117 3 0
3000.0 100.0 1.0 3.0E-5 0.8 4.4754194977141134E-6 0.7960264276267977 3 0
3000.0 100.0 1.0 1.0E-5 0.1 4.818736415160749E-6 0.09602749828986623 3 0
3000.0 100.0 1.0 1.0E-5 0.3 4.818736417976754E-6 0.29602749828999786 3 0
3000.0 100.0 1.0 1.0E-5 0.5 4.818736417976699E-6 0.4960274982901569 3 0
3000.0 100.0 1.0 1.0E-5 0.8 4.818736451484245E-6 0.7960274982890709 3 0
3000.0 100.0 3.0 1.0E-4 0.1 1.1524000494257345E-6 0.08814758039164292 3 0
3000.0 100.0 3.0 1.0E-4 0.3 1.1544960179442873E-6 0.2882271016105894 3 0
3000.0 100.0 3.0 1.0E-4 0.5 1.1544964092029803E-6 0.4880679006870048 3 0
3000.0 100.0 3.0 1.0E-4 0.8 1.1544964085249487E-6 0.7880679006869784 3 0
3000.0 100.0 3.0 3.0E-5 0.1 1.4913566548839942E-6 0.08808723429760605 3 0
3000.0 100.0 3.0 3.0E-5 0.3 1.4922261254302507E-6 0.28814286291702185 3 0
3000.0 100.0 3.0 3.0E-5 0.5 1.4922147079420355E-6 0.48812697438611025 3 0
3000.0 100.0 3.0 3.0E-5 0.8 1.4913725123834398E-6 0.7881031371333936 3 0
3000.0 100.0 3.0 1.0E-5 0.1 1.6065085831507339E-6 0.08809044087807251 3 0
3000.0 100.0 3.0 1.0E-5 0.3 1.60622357052468E-6 0.28809838625001416 3 0
3000.0 100.0 3.0 1.0E-5 0.5 1.6062028629824265E-6 0.4880824948670112 3 0
3000.0 100.0 3.0 1.0E-5 0.8 1.6062028854490623E-6 0.78808249486681 3 0
3000.0 100.0 10.0 1.0E-4 0.1 3.4574188980377026E-7 0.06022633562318259 3 0
3000.0 100.0 10.0 1.0E-4 0.3 3.4574189007136035E-7 0.26022633562318265 3 0
3000.0 100.0 10.0 1.0E-4 0.5 3.4574189007136035E-7 0.4602263356231828 3 0
3000.0 100.0 10.0 1.0E-4 0.8 3.4574188932561614E-7 0.760226335623183 3 0
3000.0 100.0 10.0 3.0E-5 0.1 4.47834751961308E-7 0.060343790444668116 3 0
3000.0 100.0 10.0 3.0E-5 0.3 4.475942747550338E-7 0.2604232479540238 3 0
3000.0 100.0 10.0 3.0E-5 0.5 4.475807961273176E-7 0.4602642762660046 3 0
3000.0 100.0 10.0 3.0E-5 0.8 4.4758079894501224E-7 0.7602642762659793 3 0
3000.0 100.0 10.0 1.0E-5 0.1 4.818027333297856E-7 0.06027498288877277 3 0
3000.0 100.0 10.0 1.0E-5 0.3 4.818027299797034E-7 0.26027498288875817 3 0
3000.0 100.0 10.0 1.0E-5 0.5 4.818027299797034E-7 0.4602749828887404 3 0
3000.0 100.0 10.0 1.0E-5 0.8 4.818027341616248E-7 0.7602749828887162 3 0
3000.0 100.0 30.0 1.0E-4 0.1 1.1531661305203432E-7 2.2988757257000857E-5 3 0
3000.0 100.0 30.0 1.0E-4 0.3 1.1515108623350851E-7 0.18227101610549076 3 0
3000.0 100.0 30.0 1.0E-4 0.5 1.1515112518168175E-7 0.38067900686952577 3 0
3000.0 100.0 30.0 1.0E-4 0.8 1.1515112538190954E-7 0.6806790068695255 3 0
3000.0 100.0 30.0 3.0E-5 0.1 1.492785319155869E-7 7.38027308035804E-5 3 0
3000.0 100.0 30.0 3.0E-5 0.3 1.4923556535414713E-7 0.18142862917069608 3 0
3000.0 100.0 30.0 3.0E-5 0.5 1.4923442412322199E-7 0.38126974386195217 3 0
3000.0 100.0 30.0 3.0E-5 0.8 1.4915019714697746E-7 0.6810313713338904 3 0
3000.0 100.0 30.0 1.0E-5 0.1 1.6062422798685323E-7 2.537989157769785E-5 3 0
3000.0 100.0 30.0 1.0E-5 0.3 1.605987227766375E-7 0.180983862494775 3 0
3000.0 100.0 30.0 1.0E-5 0.5 1.6059665164500796E-7 0.3808249486661166 3 0
3000.0 100.0 30.0 1.0E-5 0.8 1.6059665049838335E-7 0.6808249486660899 3 0
3000.0 300.0 1.0 1.0E-4 0.1 4.5123891772606644E-6 0.0984192853909625 3 0
3000.0 300.0 1.0 1.0E-4 0.3 4.512389177821346E-6 0.298419285390945 3 0
3000.0 300.0 1.0 1.0E-4 0.5 4.512389177821346E-6 0.498419285390924 3 0
3000.0 300.0 1.0 1.0E-4 0.8 4.512389183826336E-6 0.7984192853908928 3 0
3000.0 300.0 1.0 3.0E-5 0.1 4.8490018391227885E-6 0.09843010194710747 3 0
3000.0 300.0 1.0 3.0E-5 0.3 4.8512078232817235E-6 0.2984395791414634 3 0
3000.0 300.0 1.0 3.0E-5 0.5 4.849584686315305E-6 0.4984206247525308 3 0
3000.0 300.0 1.0 3.0E-5 0.8 4.849584680063969E-6 0.7984206247522893 3 0
3000.0 300.0 1.0 1.0E-5 0.1 4.949083587841917E-6 0.09842100087778753 3 0
3000.0 300.0 1.0 1.0E-5 0.3 4.949083576184345E-6 0.2984210008779444 3 0
3000.0 300.0 1.0 1.0E-5 0.5 4.949083576184345E-6 0.49842100087813335 3 0
3000.0 300.0 1.0 1.0E-5 0.8 4.949083553204278E-6 0.7984210008768396 3 0
3000.0 300.0 3.0 1.0E-4 0.1 1.5041357902544842E-6 0.0953527219785472 3 0
3000.0 300.0 3.0 1.0E-4 0.3 1.5042163523085664E-6 0.2954475533904125 3 0
3000.0 300.0 3.0 1.0E-4 0.5 1.5049783560371653E-6 0.49525785617264634 3 0
3000.0 300.0 3.0 1.0E-4 0.8 1.5049783578582573E-6 0.7952578561726149 3 0
3000.0 300.0 3.0 3.0E-5 0.1 1.6165632395988056E-6 0.09527135145047207 3 0
3000.0 300.0 3.0 3.0E-5 0.3 1.6163055663506398E-6 0.29533768616796546 3 0
3000.0 300.0 3.0 3.0E-5 0.5 1.6168338705385084E-6 0.4953187374223553 3 0
3000.0 300.0 3.0 3.0E-5 0.8 1.6160986580822463E-6 0.7952903058393073 3 0
3000.0 300.0 3.0 1.0E-5 0.1 1.649708273191948E-6 0.09527247690783551 3 0
3000.0 300.0 3.0 1.0E-5 0.3 1.649643202104036E-6 0.2952819511851724 3 0
3000.0 300.0 3.0 1.0E-5 0.5 1.6497669432255984E-6 0.49526300263027767 3 0
3000.0 300.0 3.0 1.0E-5 0.8 1.6497669408577593E-6 0.7952630026300372 3 0
3000.0 300.0 10.0 1.0E-4 0.1 4.5157775238359843E-7 0.08419285390862168 3 0
3000.0 300.0 10.0 1.0E-4 0.3 4.515777523595673E-7 0.28419285390862187 3 0
3000.0 300.0 10.0 1.0E-4 0.5 4.515777523595673E-7 0.48419285390862205 3 0
3000.0 300.0 10.0 1.0E-4 0.8 4.515777522136123E-7 0.784192853908622 3 0
3000.0 300.0 10.0 3.0E-5 0.1 4.8495162838615E-7 0.08430101946437907 3 0
3000.0 300.0 10.0 3.0E-5 0.3 4.850242339929115E-7 0.2843957914082363 3 0
3000.0 300.0 10.0 3.0E-5 0.5 4.848619514511147E-7 0.4842062475205383 3 0
3000.0 300.0 10.0 3.0E-5 0.8 4.848619533450761E-7 0.7842062475205068 3 0
3000.0 300.0 10.0 1.0E-5 0.1 4.948912346751189E-7 0.08421000876608353 3 0
3000.0 300.0 10.0 1.0E-5 0.3 4.948912345705085E-7 0.28421000876606567 3 0
3000.0 300.0 10.0 1.0E-5 0.5 4.948912345705085E-7 0.48421000876604475 3 0
3000.0 300.0 10.0 1.0E-5 0.8 4.948912354035697E-7 0.7842100087660148 3 0
3000.0 300.0 30.0 1.0E-4 0.1 1.5052652431182226E-7 0.05352721978499911 3 0
3000.0 300.0 30.0 1.0E-4 0.3 1.505345866895864E-7 0.25447553390364375 3 0
3000.0 300.0 30.0 1.0E-4 0.5 1.504577940762255E-7 0.4525785617258386 3 0
3000.0 300.0 30.0 1.0E-4 0.8 1.5045779371705873E-7 0.752578561725839 3 0
3000.0 300.0 30.0 3.0E-5 0.1 1.6162415117168038E-7 0.052713514505282735 3 0
3000.0 300.0 30.0 3.0E-5 0.3 1.6164770485247776E-7 0.25337686168022233 3 0
3000.0 300.0 30.0 3.0E-5 0.5 1.6165120956749065E-7 0.453187374224566 3 0
3000.0 300.0 30.0 3.0E-5 0.8 1.6162701005039225E-7 0.7529030583930025 3 0
3000.0 300.0 30.0 1.0E-5 0.1 1.6496511903788138E-7 0.05272476907166129 3 0
3000.0 300.0 30.0 1.0E-5 0.3 1.6497539293920482E-7 0.25281951184532825 3 0
3000.0 300.0 30.0 1.0E-5 0.5 1.6497098643758323E-7 0.45263002629800975 3 0
3000.0 300.0 30.0 1.0E-5 0.8 1.6497098617347765E-7 0.7526300262979789 3 0
3000.0 1000.0 1.0 1.0E-4 0.1 4.851916665525263E-6 0.09950376880550144 3 0
3000.0 1000.0 1.0 1.0E-4 0.3 4.851916665555016E-6 0.29950376880548313 3 0
3000.0 1000.0 1.0 1.0E-4 0.5 4.851916665555016E-6 0.4995037688054612 3 0
3000.0 1000.0 1.0 1.0E-4 0.8 4.851916668448636E-6 0.7995037688054281 3 0
3000.0 1000.0 1.0 3.0E-5 0.1 4.954800273149289E-6 0.09951394423972118 3 0
3000.0 1000.0 1.0 3.0E-5 0.3 4.95549864159019E-6 0.2995238640350008 3 0
3000.0 1000.0 1.0 3.0E-5 0.5 4.95472332460394E-6 0.49950402442348857 3 0
3000.0 1000.0 1.0 3.0E-5 0.8 4.95472333672219E-6 0.7995040244232352 3 0
3000.0 1000.0 1.0 1.0E-5 0.1 4.984926668287381E-6 0.09950409367216684 3 0
3000.0 1000.0 1.0 1.0E-5 0.3 4.984926683185281E-6 0.2995040936723309 3 0
3000.0 1000.0 1.0 1.0E-5 0.5 4.984926680853812E-6 0.49950409367252957 3 0
3000.0 1000.0 1.0 1.0E-5 0.8 4.984926655532342E-6 0.7995040936711746 3 0
3000.0 1000.0 3.0 1.0E-4 0.1 1.6171651320306241E-6 0.09861055829524364 3 0
3000.0 1000.0 3.0 1.0E-4 0.3 1.6169888120246254E-6 0.2987098101742522 3 0
3000.0 1000.0 3.0 1.0E-4 0.5 1.6168637704532357E-6 0.4985113064162521 3 0
3000.0 1000.0 3.0 1.0E-4 0.8 1.616863770194298E-6 0.7985113064162193 3 0
3000.0 1000.0 3.0 3.0E-5 0.1 1.6517095792948572E-6 0.09852199308492078 3 0
3000.0 1000.0 3.0 3.0E-5 0.3 1.6516944299545837E-6 0.29859142994947335 3 0
3000.0 1000.0 3.0 3.0E-5 0.5 1.6518353245748762E-6 0.4985715921028725 3 0
3000.0 1000.0 3.0 3.0E-5 0.8 1.6516025379213808E-6 0.7985418327170543 3 0
3000.0 1000.0 3.0 1.0E-5 0.1 1.6616742528340218E-6 0.09852219933763096 3 0
3000.0 1000.0 3.0 1.0E-5 0.3 1.6616342859661125E-6 0.2985321173665693 3 0
3000.0 1000.0 3.0 1.0E-5 0.5 1.6616395990794837E-6 0.49851228101327155 3 0
3000.0 1000.0 3.0 1.0E-5 0.8 1.661639588188756E-6 0.7985122810130191 3 0
3000.0 1000.0 10.0 1.0E-4 0.1 4.851782718896044E-7 0.09503768805396491 3 0
3000.0 1000.0 10.0 1.0E-4 0.3 4.851782719846194E-7 0.2950376880539652 3 0
3000.0 1000.0 10.0 1.0E-4 0.5 4.851782719679659E-7 0.49503768805396536 3 0
3000.0 1000.0 10.0 1.0E-4 0.8 4.851782713947273E-7 0.7950376880539652 3 0
3000.0 1000.0 10.0 3.0E-5 0.1 4.954800011031741E-7 0.09513944239020311 3 0
3000.0 1000.0 10.0 3.0E-5 0.3 4.9550517476061E-7 0.2952386403433117 3 0
3000.0 1000.0 10.0 3.0E-5 0.5 4.954723061172442E-7 0.4950402442298875 3 0
3000.0 1000.0 10.0 3.0E-5 0.8 4.95472308089315E-7 0.7950402442298546 3 0
3000.0 1000.0 10.0 1.0E-5 0.1 4.98488006382859E-7 0.0950409367093239 3 0
3000.0 1000.0 10.0 1.0E-5 0.3 4.984880067537576E-7 0.29504093670930576 3 0
3000.0 1000.0 10.0 1.0E-5 0.5 4.984880067537576E-7 0.49504093670928384 3 0
3000.0 1000.0 10.0 1.0E-5 0.8 4.984880064915549E-7 0.795040936709251 3 0
3000.0 1000.0 30.0 1.0E-4 0.1 1.6171204874212921E-7 0.08610558295194189 3 0
3000.0 1000.0 30.0 1.0E-4 0.3 1.6169441711064434E-7 0.2870981017420171 3 0
3000.0 1000.0 30.0 1.0E-4 0.5 1.6173049086195744E-7 0.4851130641618672 3 0
3000.0 1000.0 30.0 1.0E-4 0.8 1.6173049060537184E-7 0.7851130641618674 3 0
3000.0 1000.0 30.0 3.0E-5 0.1 1.6517094892781502E-7 0.08521993084979644 3 0
3000.0 1000.0 30.0 3.0E-5 0.3 1.6516943414373638E-7 0.2859142994953279 3 0
3000.0 1000.0 30.0 3.0E-5 0.5 1.6516863578879736E-7 0.485715921029788 3 0
3000.0 1000.0 30.0 3.0E-5 0.8 1.6516024478010455E-7 0.7854183271704686 3 0
3000.0 1000.0 30.0 1.0E-5 0.1 1.6617086390521378E-7 0.08522199336929995 3 0
3000.0 1000.0 30.0 1.0E-5 0.3 1.661618745017655E-7 0.28532117365899323 3 0
3000.0 1000.0 30.0 1.0E-5 0.5 1.6616240584179753E-7 0.48512281012771935 3 0
3000.0 1000.0 30.0 1.0E-5 0.8 1.6616240567178132E-7 0.7851228101276864 3 0
3000.0 3000.0 1.0 1.0E-4 0.1 4.949989838537236E-6 0.09983347857128268 3 0
3000.0 3000.0 1.0 1.0E-4 0.3 4.9499898383791224E-6 0.2998334785712642 3 0
3000.0 3000.0 1.0 1.0E-4 0.5 4.949989838878723E-6 0.49983347857124216 3 0
3000.0 3000.0 1.0 1.0E-4 0.8 4.949989840453269E-6 0.7998334785712091 3 0
3000.0 3000.0 1.0 3.0E-5 0.1 4.984914248208104E-6 0.09984351796779264 3 0
3000.0 3000.0 1.0 3.0E-5 0.3 4.98492396992005E-6 0.299853506139754 3 0
3000.0 3000.0 1.0 3.0E-5 0.5 4.985050338485179E-6 0.4998335296481527 3 0
3000.0 3000.0 1.0 3.0E-5 0.8 4.985050345759619E-6 0.7998335296478981 3 0
3000.0 3000.0 1.0 1.0E-5 0.1 4.995006535619864E-6 0.09983354150908735 3 0
3000.0 3000.0 1.0 1.0E-5 0.3 4.995006534309729E-6 0.2998335415092528 3 0
3000.0 3000.0 1.0 1.0E-5 0.5 4.995006528481058E-6 0.4998335415094524 3 0
3000.0 3000.0 1.0 1.0E-5 0.8 4.995006568369307E-6 0.7998335415080888 3 0
3000.0 3000.0 3.0 1.0E-4 0.1 1.649968983372775E-6 0.09960035240515717 3 0
3000.0 3000.0 3.0 1.0E-4 0.3 1.6499347793719041E-6 0.299700267585169 3 0
3000.0 3000.0 3.0 1.0E-4 0.5 1.6499703824295565E-6 0.4995004357135941 3 0
3000.0 3000.0 3.0 1.0E-4 0.8 1.6499703835830804E-6 0.7995004357135611 3 0
3000.0 3000.0 3.0 3.0E-5 0.1 1.6617146745088211E-6 0.09951057741450899 3 0
3000.0 3000.0 3.0 3.0E-5 0.3 1.6616248396384643E-6 0.2995804947611493 3 0
3000.0 3000.0 3.0 3.0E-5 0.5 1.66163408656128E-6 0.49956051841711735 3 0
3000.0 3000.0 3.0 3.0E-5 0.8 1.6616308458895812E-6 0.7995305539012542 3 0
3000.0 3000.0 3.0 1.0E-5 0.1 1.6650161903556605E-6 0.09951061209671631 3 0
3000.0 3000.0 3.0 1.0E-5 0.3 1.6649951699403032E-6 0.2995205995801408 3 0
3000.0 3000.0 3.0 1.0E-5 0.5 1.6649932807169555E-6 0.49950062452401084 3 0
3000.0 3000.0 3.0 1.0E-5 0.8 1.6649932817892857E-6 0.7995006245237558 3 0
3000.0 3000.0 10.0 1.0E-4 0.1 4.950071182617779E-7 0.09833478571177048 3 0
3000.0 3000.0 10.0 1.0E-4 0.3 4.950071184662958E-7 0.2983347857117707 3 0
3000.0 3000.0 10.0 1.0E-4 0.5 4.950071184662958E-7 0.49833478571177087 3 0
3000.0 3000.0 10.0 1.0E-4 0.8 4.950071185197161E-7 0.798334785711771 3 0
3000.0 3000.0 10.0 3.0E-5 0.1 4.9849432620338E-7 0.09843517967086902 3 0
3000.0 3000.0 10.0 3.0E-5 0.3 4.984952985009562E-7 0.2985350613907969 3 0
3000.0 3000.0 10.0 3.0E-5 0.5 4.984929771898979E-7 0.4983352964764959 3 0
3000.0 3000.0 10.0 3.0E-5 0.8 4.984929774463412E-7 0.7983352964764627 3 0
3000.0 3000.0 10.0 1.0E-5 0.1 4.994970513652185E-7 0.09833541507844339 3 0
3000.0 3000.0 10.0 1.0E-5 0.3 4.994970517480627E-7 0.2983354150784249 3 0
3000.0 3000.0 10.0 1.0E-5 0.5 4.994970517480627E-7 0.4983354150784029 3 0
3000.0 3000.0 10.0 1.0E-5 0.8 4.994970507127095E-7 0.7983354150783701 3 0
3000.0 3000.0 30.0 1.0E-4 0.1 1.6499960969790263E-7 0.09600352405107407 3 0
3000.0 3000.0 30.0 1.0E-4 0.3 1.649961893226401E-7 0.29700267585118195 3 0
3000.0 3000.0 30.0 1.0E-4 0.5 1.6499974967402752E-7 0.4950043571352838 3 0
3000.0 3000.0 30.0 1.0E-4 0.8 1.649997495741057E-7 0.7950043571352841 3 0
3000.0 3000.0 30.0 3.0E-5 0.1 1.661624622955864E-7 0.09510577414568194 3 0
3000.0 3000.0 30.0 3.0E-5 0.3 1.6616345045717682E-7 0.2958049476120923 3 0
3000.0 3000.0 30.0 3.0E-5 0.5 1.6616437503588899E-7 0.49560518417224153 3 0
3000.0 3000.0 30.0 3.0E-5 0.8 1.661640508164352E-7 0.7953055390124657 3 0
3000.0 3000.0 30.0 1.0E-5 0.1 1.6649875191450953E-7 0.09510612096010662 3 0
3000.0 3000.0 30.0 1.0E-5 0.3 1.6649998041105376E-7 0.29520599579466605 3 0
3000.0 3000.0 30.0 1.0E-5 0.5 1.6649979167004777E-7 0.4950062452350766 3 0
3000.0 3000.0 30.0 1.0E-5 0.8 1.6649979167753257E-7 0.7950062452350442 3 0
3000.0 10000.0 1.0 1.0E-4 0.1 1.000059999999936 0.09990000000010675 2 0
3000.0 10000.0 1.0 1.0E-4 0.3 1.000059999999947 0.2999000000000882 2 0
3000.0 10000.0 1.0 1.0E-4 0.5 1.0000599999999604 0.4999000000000662 2 0
3000.0 10000.0 1.0 1.0E-4 0.8 1.0000599999999804 0.7999000000000331 2 0
3000.0 10000.0 1.0 3.0E-5 0.1 4.995522095447648E-6 0.0999600041161548 3 0
3000.0 10000.0 1.0 3.0E-5 0.3 4.995519314355016E-6 0.29997000309616517 3 0
3000.0 10000.0 1.0 3.0E-5 0.5 4.99553566362028E-6 0.4999500051359119 3 0
3000.0 10000.0 1.0 3.0E-5 0.8 4.995535686958077E-6 0.799950005135657 3 0
3000.0 10000.0 1.0 1.0E-5 0.1 4.99853235817453E-6 0.09995000686469203 3 0
3000.0 10000.0 1.0 1.0E-5 0.3 4.998532342837811E-6 0.29995000686485757 3 0
3000.0 10000.0 1.0 1.0E-5 0.5 4.998532323436663E-6 0.4999500068650576 3 0
3000.0 10000.0 1.0 1.0E-5 0.8 4.998532459740977E-6 0.7999500068636923 3 0
3000.0 10000.0 3.0 1.0E-4 0.1 1.0000399999999903 0.0998000000000501 2 0
3000.0 10000.0 3.0 1.0E-4 0.3 1.0000199999999897 0.2999000000000512 2 0
3000.0 10000.0 3.0 1.0E-4 0.5 1.0000599999999868 0.49970000000006615 2 0
3000.0 10000.0 3.0 1.0E-4 0.8 1.0000599999999933 0.7997000000000332 2 0
3000.0 10000.0 3.0 3.0E-5 0.1 1.6651636430097376E-6 0.09986001438618715 3 0
3000.0 10000.0 3.0 3.0E-5 0.3 1.6651811716804473E-6 0.29993000724647834 3 0
3000.0 10000.0 3.0 3.0E-5 0.5 1.6651544170591336E-6 0.49991000928634827 3 0
3000.0 10000.0 3.0 3.0E-5 0.8 1.6651553336263616E-6 0.7998800123463383 3 0
3000.0 10000.0 3.0 1.0E-5 0.1 1.6661681126284315E-6 0.0998600192328051 3 0
3000.0 10000.0 3.0 1.0E-5 0.3 1.666173139558759E-6 0.29987001785285156 3 0
3000.0 10000.0 3.0 1.0E-5 0.5 1.6661682536392578E-6 0.4998500205908213 3 0
3000.0 10000.0 3.0 1.0E-5 0.8 1.6661682564785891E-6 0.799850020590566 3 0
3000.0 10000.0 10.0 1.0E-4 0.1 1.0000599999999995 0.0990000000000103 2 0
3000.0 10000.0 10.0 1.0E-4 0.3 1.0000599999999995 0.2990000000000105 2 0
3000.0 10000.0 10.0 1.0E-4 0.5 1.0000599999999995 0.49900000000001066 2 0
3000.0 10000.0 10.0 1.0E-4 0.8 1.0000599999999995 0.7990000000000109 2 0
3000.0 10000.0 10.0 3.0E-5 0.1 4.995481797944812E-7 0.09960004115448293 3 0
3000.0 10000.0 10.0 3.0E-5 0.3 4.995479041409381E-7 0.2997000309549005 3 0
3000.0 10000.0 10.0 3.0E-5 0.5 4.995495325882696E-7 0.49950005135408254 3 0
3000.0 10000.0 10.0 3.0E-5 0.8 4.995495326199034E-7 0.7995000513540496 3 0
3000.0 10000.0 10.0 1.0E-5 0.1 4.99848753495184E-7 0.09950006863447655 3 0
3000.0 10000.0 10.0 1.0E-5 0.3 4.998487534578725E-7 0.299500068634458 3 0
3000.0 10000.0 10.0 1.0E-5 0.5 4.998487534745259E-7 0.49950006863443597 3 0
3000.0 10000.0 10.0 1.0E-5 0.8 4.998487537763915E-7 0.7995000686344028 3 0
3000.0 10000.0 30.0 1.0E-4 0.1 1.00004 0.09800000000000286 2 0
3000.0 10000.0 30.0 1.0E-4 0.3 1.0000200000000001 0.29900000000000304 2 0
3000.0 10000.0 30.0 1.0E-4 0.5 1.0000600000000002 0.4970000000000032 2 0
3000.0 10000.0 30.0 1.0E-4 0.8 1.0000600000000002 0.7970000000000035 2 0
3000.0 10000.0 30.0 3.0E-5 0.1 1.6651651670262987E-7 0.09860014386246509 3 0
3000.0 10000.0 30.0 3.0E-5 0.3 1.665152721645385E-7 0.2993000724653829 3 0
3000.0 10000.0 30.0 3.0E-5 0.5 1.6651559398453166E-7 0.4991000928645526 3 0
3000.0 10000.0 30.0 3.0E-5 0.8 1.665156858292339E-7 0.798800123463307 3 0
3000.0 10000.0 30.0 1.0E-5 0.1 1.6661631355205035E-7 0.09860019232098614 3 0
3000.0 10000.0 30.0 1.0E-5 0.3 1.6661631636141196E-7 0.2987001785217628 3 0
3000.0 10000.0 30.0 1.0E-5 0.5 1.6661632734374935E-7 0.4985002059031757 3 0
3000.0 10000.0 30.0 1.0E-5 0.8 1.6661632732019744E-7 0.7985002059031427 3 0
10000.0 100.0 1.0 1.0E-4 0.1 0.04199969463862845 0.09676896087825841 2 0
10000.0 100.0 1.0 1.0E-4 0.3 0.04199969463864764 0.29676896087824645 2 0
10000.0 100.0 1.0 1.0E-4 0.5 0.04199969463864951 0.4967689608782319 2 0
10000.0 100.0 1.0 1.0E-4 0.8 0.04199969463862242 0.7967689608782105 2 0
10000.0 100.0 1.0 3.0E-5 0.1 0.04285827046016309 0.09678040397807722 2 0
10000.0 100.0 1.0 3.0E-5 0.3 0.04285821872041865 0.2967868521835878 2 0
10000.0 100.0 1.0 3.0E-5 0.5 0.0428583221999266 0.4967739440533279 2 0
10000.0 100.0 1.0 3.0E-5 0.8 0.042858322199811394 0.7967739440531637 2 0
10000.0 100.0 1.0 1.0E-5 0.1 0.04312938815826093 0.0967753372474558 2 0
10000.0 100.0 1.0 1.0E-5 0.3 0.043129388158261374 0.29677533724756255 2 0
10000.0 100.0 1.0 1.0E-5 0.5 0.0431293881582748 0.49677533724769213 2 0
10000.0 100.0 1.0 1.0E-5 0.8 0.043129388158373645 0.7967753372468077 2 0
10000.0 100.0 3.0 1.0E-4 0.1 0.0419992144665877 0.09037184907370369 2 0
10000.0 100.0 3.0 1.0E-4 0.3 0.04199873429453927 0.29043642475062914 2 0
10000.0 100.0 3.0 1.0E-4 0.5 0.04199969463863496 0.49030688263461 2 0
10000.0 100.0 3.0 1.0E-4 0.8 0.04199969463863714 0.7903068826345886 2 0
10000.0 100.0 3.0 3.0E-5 0.1 0.04285830495333202 0.09032829972082151 2 0
10000.0 100.0 3.0 3.0E-5 0.3 0.04260110379665702 0.2903734529604703 2 0
10000.0 100.0 3.0 3.0E-5 0.5 0.042858218720419 0.49036055654937927 2 0
10000.0 100.0 3.0 3.0E-5 0.8 0.04285827046017049 0.7903412119328606 2 0
10000.0 100.0 3.0 1.0E-5 0.1 0.04312937108059308 0.09033246363070521 2 0
10000.0 100.0 3.0 1.0E-5 0.3 0.04304311770668889 0.29033891427591424 2 0
10000.0 100.0 3.0 1.0E-5 0.5 0.04312938815824746 0.49032601174026724 2 0
10000.0 100.0 3.0 1.0E-5 0.8 0.0431293881582813 0.7903260117401031 2 0
10000.0 100.0 10.0 1.0E-4 0.1 0.04199969463863706 0.06768960878189693 2 0
10000.0 100.0 10.0 1.0E-4 0.3 0.04199969463863681 0.2676896087818973 2 0
10000.0 100.0 10.0 1.0E-4 0.5 0.04199969463863677 0.4676896087818973 2 0
10000.0 100.0 10.0 1.0E-4 0.8 0.041999694638635225 0.7676896087818973 2 0
10000.0 100.0 10.0 3.0E-5 0.1 0.042858270460167526 0.06780403977621602 2 0
10000.0 100.0 10.0 3.0E-5 0.3 0.042858218720420754 0.2678685218315243 2 0
10000.0 100.0 10.0 3.0E-5 0.5 0.04285832219991819 0.46773944053002087 2 0
10000.0 100.0 10.0 3.0E-5 0.8 0.04285832219991446 0.7677394405299993 2 0
10000.0 100.0 10.0 1.0E-5 0.1 0.04312938815826309 0.06775337246652945 2 0
10000.0 100.0 10.0 1.0E-5 0.3 0.043129388158257634 0.26775337246651776 2 0
10000.0 100.0 10.0 1.0E-5 0.5 0.043129388158261256 0.4677533724665039 2 0
10000.0 100.0 10.0 1.0E-5 0.8 0.04312938815827422 0.7677533724664822 2 0
10000.0 100.0 30.0 1.0E-4 0.1 0.04199921446658692 0.0037184907367135947 2 0
10000.0 100.0 30.0 1.0E-4 0.3 0.04199873429453768 0.2043642475059622 2 0
10000.0 100.0 30.0 1.0E-4 0.5 0.04199969463863638 0.403068826345673 2 0
10000.0 100.0 30.0 1.0E-4 0.8 0.041999694638636724 0.703068826345673 2 0
10000.0 100.0 30.0 3.0E-5 0.1 0.04285830495333276 0.003282997208598567 2 0
10000.0 100.0 30.0 3.0E-5 0.3 0.04260110379665482 0.20373452960508895 2 0
10000.0 100.0 30.0 3.0E-5 0.5 0.042858218720420733 0.40360556549447646 2 0
10000.0 100.0 30.0 3.0E-5 0.8 0.04285827046017001 0.7034121193285565 2 0
10000.0 100.0 30.0 1.0E-5 0.1 0.043129371080595204 0.003324636302493146 2 0
10000.0 100.0 30.0 1.0E-5 0.3 0.04304311770668715 0.2033891427547912 2 0
10000.0 100.0 30.0 1.0E-5 0.5 0.0431293881582638 0.4032601173994243 2 0
10000.0 100.0 30.0 1.0E-5 0.8 0.04312938815826381 0.7032601173994041 2 0
10000.0 300.0 1.0 1.0E-4 0.1 3.5043320265555905E-6 0.09852472649160915 3 0
10000.0 300.0 1.0 1.0E-4 0.3 3.504332029432931E-6 0.2985247264915927 3 0
10000.0 300.0 1.0 1.0E-4 0.5 3.504332029432931E-6 0.4985247264915732 3 0
10000.0 300.0 1.0 1.0E-4 0.8 3.5043320322187558E-6 0.798524726491544 3 0
10000.0 300.0 1.0 3.0E-5 0.1 4.495995640473047E-6 0.0985361841943429 3 0
10000.0 300.0 1.0 3.0E-5 0.3 4.4942426869445435E-6 0.29854501793885607 3 0
10000.0 300.0 1.0 3.0E-5 0.5 4.492829543912853E-6 0.4985273438729521 3 0
10000.0 300.0 1.0 3.0E-5 0.8 4.492829541232163E-6 0.7985273438727254 3 0
10000.0 300.0 1.0 1.0E-5 0.1 4.825462665183011E-6 0.09852807061139687 3 0
10000.0 300.0 1.0 1.0E-5 0.3 4.825462647180151E-6 0.2985280706115423 3 0
10000.0 300.0 1.0 1.0E-5 0.5 4.8254626433673835E-6 0.49852807061171917 3 0
10000.0 300.0 1.0 1.0E-5 0.8 4.825462702137179E-6 0.798528070610514 3 0
10000.0 300.0 3.0 1.0E-4 0.1 1.1695674010993792E-6 0.0956628874817727 3 0
10000.0 300.0 3.0 1.0E-4 0.3 1.16750516475644E-6 0.29575131575363245 3 0
10000.0 300.0 3.0 1.0E-4 0.5 1.167065592768279E-6 0.495574179474602 3 0
10000.0 300.0 3.0 1.0E-4 0.8 1.1670656050854068E-6 0.7955741794745723 3 0
10000.0 300.0 3.0 3.0E-5 0.1 1.4985577474901922E-6 0.0955908741979263 3 0
10000.0 300.0 3.0 3.0E-5 0.3 1.4977247150142776E-6 0.29565272130379316 3 0
10000.0 300.0 3.0 3.0E-5 0.5 1.498671787843792E-6 0.495635053814671 3 0
10000.0 300.0 3.0 3.0E-5 0.8 1.497664809715757E-6 0.7956085525811505 3 0
10000.0 300.0 3.0 1.0E-5 0.1 1.6082301742355068E-6 0.09559304509805293 3 0
10000.0 300.0 3.0 1.0E-5 0.3 1.6086115340571659E-6 0.2956018762377781 3 0
10000.0 300.0 3.0 1.0E-5 0.5 1.608412741055318E-6 0.49558421183131485 3 0
10000.0 300.0 3.0 1.0E-5 0.8 1.6084127334389639E-6 0.79558421183109 3 0
10000.0 300.0 10.0 1.0E-4 0.1 3.507992294596524E-7 0.0852472649151532 3 0
10000.0 300.0 10.0 1.0E-4 0.3 3.507992288894089E-7 0.2852472649151534 3 0
10000.0 300.0 10.0 1.0E-4 0.5 3.507992288894089E-7 0.4852472649151535 3 0
10000.0 300.0 10.0 1.0E-4 0.8 3.507992319247897E-7 0.785247264915154 3 0
10000.0 300.0 10.0 3.0E-5 0.1 4.4957195822774347E-7 0.0853618419371877 3 0
10000.0 300.0 10.0 3.0E-5 0.3 4.493966748515235E-7 0.2854501793825946 3 0
10000.0 300.0 10.0 3.0E-5 0.5 4.492553708328604E-7 0.4852734387250638 3 0
10000.0 300.0 10.0 3.0E-5 0.8 4.492553660084506E-7 0.7852734387250343 3 0
10000.0 300.0 10.0 1.0E-5 0.1 4.825833073762042E-7 0.08528070610297425 3 0
10000.0 300.0 10.0 1.0E-5 0.3 4.82583306080852E-7 0.28528070610295814 3 0
10000.0 300.0 10.0 1.0E-5 0.5 4.82583306080852E-7 0.4852807061029386 3 0
10000.0 300.0 10.0 1.0E-5 0.8 4.82583309001927E-7 0.785280706102911 3 0
10000.0 300.0 30.0 1.0E-4 0.1 1.166657118981007E-7 0.05662887481728502 3 0
10000.0 300.0 30.0 1.0E-4 0.3 1.1687246216425047E-7 0.25751315753587584 3 0
10000.0 300.0 30.0 1.0E-4 0.5 1.1682845947339404E-7 0.45574179474543514 3 0
10000.0 300.0 30.0 1.0E-4 0.8 1.1682845935439893E-7 0.7557417947454352 3 0
10000.0 300.0 30.0 3.0E-5 0.1 1.4984657330088666E-7 0.055908741979788526 3 0
10000.0 300.0 30.0 3.0E-5 0.3 1.497632747504242E-7 0.2565272130384612 3 0
10000.0 300.0 30.0 3.0E-5 0.5 1.4985797745257385E-7 0.4563505381476516 3 0
10000.0 300.0 30.0 3.0E-5 0.8 1.497572854934926E-7 0.7560855258114385 3 0
10000.0 300.0 30.0 1.0E-5 0.1 1.6083536229632057E-7 0.055930450974286824 3 0
10000.0 300.0 30.0 1.0E-5 0.3 1.6081653428506807E-7 0.2560187623718187 3 0
10000.0 300.0 30.0 1.0E-5 0.5 1.6085362043291067E-7 0.455842118308699 3 0
10000.0 300.0 30.0 1.0E-5 0.8 1.608536218454618E-7 0.7558421183086691 3 0
10000.0 1000.0 1.0 1.0E-4 0.1 4.520229742877958E-6 0.09950989844385032 3 0
10000.0 1000.0 1.0 1.0E-4 0.3 4.520229746449914E-6 0.2995098984438321 3 0
10000.0 1000.0 1.0 1.0E-4 0.5 4.520229747005025E-6 0.49950989844381033 3 0
10000.0 1000.0 1.0 1.0E-4 0.8 4.520229740806314E-6 0.7995098984437778 3 0
10000.0 1000.0 1.0 3.0E-5 0.1 4.850246193262171E-6 0.09952032032890838 3 0
10000.0 1000.0 1.0 3.0E-5 0.3 4.850154167222388E-6 0.2995301106395307 3 0
10000.0 1000.0 1.0 3.0E-5 0.5 4.851261624860536E-6 0.49951053001805806 3 0
10000.0 1000.0 1.0 3.0E-5 0.8 4.851261644448982E-6 0.7995105300178085 3 0
10000.0 1000.0 1.0 1.0E-5 0.1 4.94976723387404E-6 0.09951070132029217 3 0
10000.0 1000.0 1.0 1.0E-5 0.3 4.949767220598101E-6 0.2995107013204537 3 0
10000.0 1000.0 1.0 1.0E-5 0.5 4.949767219487878E-6 0.49951070132065 3 0
10000.0 1000.0 1.0 1.0E-5 0.8 4.949767250909266E-6 0.7995107013193138 3 0
10000.0 1000.0 3.0 1.0E-4 0.1 1.5071233274194428E-6 0.09862773228186317 3 0
10000.0 1000.0 3.0 1.0E-4 0.3 1.5064523392222937E-6 0.2987257442734519 3 0
10000.0 1000.0 3.0 1.0E-4 0.5 1.506207939954275E-6 0.49852969533130165 3 0
10000.0 1000.0 3.0 1.0E-4 0.8 1.506207937264717E-6 0.7985296953312692 3 0
10000.0 1000.0 3.0 3.0E-5 0.1 1.6171410026056085E-6 0.098541380363271 3 0
10000.0 1000.0 3.0 3.0E-5 0.3 1.6167323793874555E-6 0.2986099072756236 3 0
10000.0 1000.0 3.0 3.0E-5 0.5 1.6168121959479214E-6 0.4985903319164902 3 0
10000.0 1000.0 3.0 3.0E-5 0.8 1.616842861197823E-6 0.7985609609846436 3 0
10000.0 1000.0 3.0 1.0E-5 0.1 1.6499624522394605E-6 0.09854189032018891 3 0
10000.0 1000.0 3.0 1.0E-5 0.3 1.6498510231795193E-6 0.2985516764950085 3 0
10000.0 1000.0 3.0 1.0E-5 0.5 1.6500003032054343E-6 0.4985321039576905 3 0
10000.0 1000.0 3.0 1.0E-5 0.8 1.6500003150250113E-6 0.7985321039574408 3 0
10000.0 1000.0 10.0 1.0E-4 0.1 4.5210326050387264E-7 0.09509898443746577 3 0
10000.0 1000.0 10.0 1.0E-4 0.3 4.5210326017945573E-7 0.29509898443746585 3 0
10000.0 1000.0 10.0 1.0E-4 0.5 4.5210326017945573E-7 0.495098984437466 3 0
10000.0 1000.0 10.0 1.0E-4 0.8 4.521032594960668E-7 0.7950989844374663 3 0
10000.0 1000.0 10.0 3.0E-5 0.1 4.850065357079555E-7 0.09520320328216628 3 0
10000.0 1000.0 10.0 3.0E-5 0.3 4.85143568103396E-7 0.29530110638869783 3 0
10000.0 1000.0 10.0 3.0E-5 0.5 4.851080759949484E-7 0.4951053001756515 3 0
10000.0 1000.0 10.0 3.0E-5 0.8 4.851080762133112E-7 0.7951053001756192 3 0
10000.0 1000.0 10.0 1.0E-5 0.1 4.949918060870478E-7 0.09510701319074123 3 0
10000.0 1000.0 10.0 1.0E-5 0.3 4.949918052763682E-7 0.295107013190723 3 0
10000.0 1000.0 10.0 1.0E-5 0.5 4.949918052763682E-7 0.49510701319070166 3 0
10000.0 1000.0 10.0 1.0E-5 0.8 4.949918051701035E-7 0.7951070131906695 3 0
10000.0 1000.0 30.0 1.0E-4 0.1 1.505877540142966E-7 0.08627732281814349 3 0
10000.0 1000.0 30.0 1.0E-4 0.3 1.5067199066804332E-7 0.2872574427340202 3 0
10000.0 1000.0 30.0 1.0E-4 0.5 1.506475465575686E-7 0.48529695331237016 3 0
10000.0 1000.0 30.0 1.0E-4 0.8 1.5064754654308585E-7 0.7852969533123704 3 0
10000.0 1000.0 30.0 3.0E-5 0.1 1.6170807065713837E-7 0.08541380363329032 3 0
10000.0 1000.0 30.0 3.0E-5 0.3 1.6171595522938434E-7 0.2860990727568249 3 0
10000.0 1000.0 30.0 3.0E-5 0.5 1.6167519133801424E-7 0.485903319165948 3 0
10000.0 1000.0 30.0 3.0E-5 0.8 1.6167825801934473E-7 0.7856096098463602 3 0
10000.0 1000.0 30.0 1.0E-5 0.1 1.649846906616126E-7 0.08541890319497465 3 0
10000.0 1000.0 30.0 1.0E-5 0.3 1.649901293865053E-7 0.2855167649434813 3 0
10000.0 1000.0 30.0 1.0E-5 0.5 1.6498847551643344E-7 0.4853210395719755 3 0
10000.0 1000.0 30.0 1.0E-5 0.8 1.6498847557469867E-7 0.7853210395719424 3 0
10000.0 3000.0 1.0 1.0E-4 0.1 4.834559415052331E-6 0.09983374725140398 3 0
10000.0 3000.0 1.0 1.0E-4 0.3 4.834559416541677E-6 0.29983374725138556 3 0
10000.0 3000.0 1.0 1.0E-4 0.5 4.834559416726715E-6 0.49983374725136354 3 0
10000.0 3000.0 1.0 1.0E-4 0.8 4.83455941349661E-6 0.7998337472513306 3 0
10000.0 3000.0 1.0 3.0E-5 0.1 4.949730539899344E-6 0.09984385377459497 3 0
10000.0 3000.0 1.0 3.0E-5 0.3 4.949772328103299E-6 0.2998538203704745 3 0
10000.0 3000.0 1.0 3.0E-5 0.5 4.949804964284088E-6 0.49983388654405364 3 0
10000.0 3000.0 1.0 3.0E-5 0.8 4.949804971655815E-6 0.7998338865437995 3 0
10000.0 3000.0 1.0 1.0E-5 0.1 4.9833102311008805E-6 0.09983391915382447 3 0
10000.0 3000.0 1.0 1.0E-5 0.3 4.98331022445036E-6 0.2998339191539895 3 0
10000.0 3000.0 1.0 1.0E-5 0.5 4.983310218714208E-6 0.4998339191541888 3 0
10000.0 3000.0 1.0 1.0E-5 0.8 4.983310286227884E-6 0.7998339191528283 3 0
10000.0 3000.0 3.0 1.0E-4 0.1 1.6118160235007358E-6 0.09960099751699819 3 0
10000.0 3000.0 3.0 1.0E-4 0.3 1.6115834851638832E-6 0.299700753280055 3 0
10000.0 3000.0 3.0 1.0E-4 0.5 1.6118179264603425E-6 0.4995012417539585 3 0
10000.0 3000.0 3.0 1.0E-4 0.8 1.6118179271897151E-6 0.7995012417539256 3 0
10000.0 3000.0 3.0 3.0E-5 0.1 1.6500561801403205E-6 0.09951162722316723 3 0
10000.0 3000.0 3.0 3.0E-5 0.3 1.6500640475016692E-6 0.2995813943011506 3 0
10000.0 3000.0 3.0 3.0E-5 0.5 1.6500175500683551E-6 0.49956146110928284 3 0
10000.0 3000.0 3.0 3.0E-5 0.8 1.6500036197222751E-6 0.7995315613216655 3 0
10000.0 3000.0 3.0 1.0E-5 0.1 1.6611124774106781E-6 0.09951172239141338 3 0
10000.0 3000.0 3.0 1.0E-5 0.3 1.6611173517340701E-6 0.29952168732436585 3 0
10000.0 3000.0 3.0 1.0E-5 0.5 1.6610811582706767E-6 0.49950175745822956 3 0
10000.0 3000.0 3.0 1.0E-5 0.8 1.6610811723482383E-6 0.7995017574579755 3 0
10000.0 3000.0 10.0 1.0E-4 0.1 4.834669064793035E-7 0.0983374725129853 3 0
10000.0 3000.0 10.0 1.0E-4 0.3 4.83466906394333E-7 0.2983374725129855 3 0
10000.0 3000.0 10.0 1.0E-4 0.5 4.83466906394333E-7 0.49833747251298566 3 0
10000.0 3000.0 10.0 1.0E-4 0.8 4.834669067630538E-7 0.7983374725129859 3 0
10000.0 3000.0 10.0 3.0E-5 0.1 4.94983170415138E-7 0.09843853773890746 3 0
10000.0 3000.0 10.0 3.0E-5 0.3 4.949873485881321E-7 0.2985382036980145 3 0
10000.0 3000.0 10.0 3.0E-5 0.5 4.949906126319424E-7 0.4983388654355162 3 0
10000.0 3000.0 10.0 3.0E-5 0.8 4.949906126716242E-7 0.7983388654354834 3 0
10000.0 3000.0 10.0 1.0E-5 0.1 4.983195190141276E-7 0.0983391915258432 3 0
10000.0 3000.0 10.0 1.0E-5 0.3 4.983195187004532E-7 0.29833919152582467 3 0
10000.0 3000.0 10.0 1.0E-5 0.5 4.983195187189569E-7 0.4983391915258027 3 0
10000.0 3000.0 10.0 1.0E-5 0.8 4.983195202082188E-7 0.7983391915257692 3 0
10000.0 3000.0 30.0 1.0E-4 0.1 1.611852579280973E-7 0.0960099751694851 3 0
10000.0 3000.0 30.0 1.0E-4 0.3 1.6116200347445294E-7 0.29700753280004244 3 0
10000.0 3000.0 30.0 1.0E-4 0.5 1.6118544817115143E-7 0.49501241753892833 3 0
10000.0 3000.0 30.0 1.0E-4 0.8 1.611854481899637E-7 0.7950124175389287 3 0
10000.0 3000.0 30.0 3.0E-5 0.1 1.649924811998704E-7 0.09511627223226371 3 0
10000.0 3000.0 30.0 3.0E-5 0.3 1.6499326799673923E-7 0.2958139430121038 3 0
10000.0 3000.0 30.0 3.0E-5 0.5 1.650051267206329E-7 0.49561461109389454 3 0
10000.0 3000.0 30.0 3.0E-5 0.8 1.6500373372186612E-7 0.7953156132165808 3 0
10000.0 3000.0 30.0 1.0E-5 0.1 1.6610741207577398E-7 0.0951172239070927 3 0
10000.0 3000.0 30.0 1.0E-5 0.3 1.6610789922270624E-7 0.2952168732369262 3 0
10000.0 3000.0 30.0 1.0E-5 0.5 1.6610982050627223E-7 0.4950175745772761 3 0
10000.0 3000.0 30.0 1.0E-5 0.8 1.6610982051395368E-7 0.795017574577243 3 0
10000.0 10000.0 1.0 1.0E-4 0.1 1.0001999999997864 0.09990000000010675 2 0
10000.0 10000.0 1.0 1.0E-4 0.3 1.0001999999998237 0.2999000000000882 2 0
10000.0 10000.0 1.0 1.0E-4 0.5 1.0001999999998676 0.4999000000000662 2 0
10000.0 10000.0 1.0 1.0E-4 0.8 1.0001999999999338 0.7999000000000331 2 0
10000.0 10000.0 1.0 3.0E-5 0.1 4.985090469293151E-6 0.09996001223861666 3 0
10000.0 10000.0 1.0 3.0E-5 0.3 4.984972447126616E-6 0.29997000913896404 3 0
10000.0 10000.0 1.0 3.0E-5 0.5 4.984894791911025E-6 0.49995001509716636 3 0
10000.0 10000.0 1.0 3.0E-5 0.8 4.984894818685742E-6 0.7999500150969112 3 0
10000.0 10000.0 1.0 1.0E-5 0.1 4.9950095277334644E-6 0.09995002017760854 3 0
10000.0 10000.0 1.0 1.0E-5 0.3 4.995009512009931E-6 0.2999500201777735 3 0
10000.0 10000.0 1.0 1.0E-5 0.5 4.995009491748361E-6 0.4999500201779735 3 0
10000.0 10000.0 1.0 1.0E-5 0.8 4.995009627263416E-6 0.7999500201766092 3 0
10000.0 10000.0 3.0 1.0E-4 0.1 1.0001333333332998 0.0998000000000501 2 0
10000.0 10000.0 3.0 1.0E-4 0.3 1.0000666666666325 0.2999000000000512 2 0
10000.0 10000.0 3.0 1.0E-4 0.5 1.000199999999956 0.49970000000006615 2 0
10000.0 10000.0 3.0 1.0E-4 0.8 1.000199999999978 0.7997000000000332 2 0
10000.0 10000.0 3.0 3.0E-5 0.1 1.6616562225405346E-6 0.09986004249019703 3 0
10000.0 10000.0 3.0 3.0E-5 0.3 1.661637129267451E-6 0.29993002121554896 3 0
10000.0 10000.0 3.0 3.0E-5 0.5 1.6616638961352924E-6 0.49991002741474516 3 0
10000.0 10000.0 3.0 3.0E-5 0.8 1.661653374541481E-6 0.7998800367137245 3 0
10000.0 10000.0 3.0 1.0E-5 0.1 1.6649964479133663E-6 0.09986005653040074 3 0
10000.0 10000.0 3.0 1.0E-5 0.3 1.6650108664399241E-6 0.29987005252326027 3 0
10000.0 10000.0 3.0 1.0E-5 0.5 1.6649913049523341E-6 0.49985006052957137 3 0
10000.0 10000.0 3.0 1.0E-5 0.8 1.6649913089402713E-6 0.7998500605293165 3 0
10000.0 10000.0 10.0 1.0E-4 0.1 1.0001999999999982 0.0990000000000103 2 0
10000.0 10000.0 10.0 1.0E-4 0.3 1.0001999999999982 0.2990000000000105 2 0
10000.0 10000.0 10.0 1.0E-4 0.5 1.0001999999999982 0.49900000000001066 2 0
10000.0 10000.0 10.0 1.0E-4 0.8 1.0001999999999982 0.7990000000000109 2 0
10000.0 10000.0 10.0 3.0E-5 0.1 4.984963435657287E-7 0.099600122379103 3 0
10000.0 10000.0 10.0 3.0E-5 0.3 4.984994992925407E-7 0.2997000913828899 3 0
10000.0 10000.0 10.0 3.0E-5 0.5 4.984917279645151E-7 0.49950015096662737 3 0
10000.0 10000.0 10.0 3.0E-5 0.8 4.984917284610862E-7 0.7995001509665945 3 0
10000.0 10000.0 10.0 1.0E-5 0.1 4.994967053723045E-7 0.09950020176364426 3 0
10000.0 10000.0 10.0 1.0E-5 0.3 4.994967049254397E-7 0.2995002017636259 3 0
10000.0 10000.0 10.0 1.0E-5 0.5 4.994967049309908E-7 0.4995002017636039 3 0
10000.0 10000.0 10.0 1.0E-5 0.8 4.994967056847089E-7 0.7995002017635707 3 0
10000.0 10000.0 30.0 1.0E-4 0.1 1.0001333333333335 0.09800000000000286 2 0
10000.0 10000.0 30.0 1.0E-4 0.3 1.0000666666666662 0.29900000000000304 2 0
10000.0 10000.0 30.0 1.0E-4 0.5 1.0001999999999998 0.4970000000000032 2 0
10000.0 10000.0 30.0 1.0E-4 0.8 1.0001999999999998 0.7970000000000035 2 0
10000.0 10000.0 30.0 3.0E-5 0.1 1.6616636994264925E-7 0.09860042490256363 3 0
10000.0 10000.0 30.0 3.0E-5 0.3 1.661644605768427E-7 0.29930021215608965 3 0
10000.0 10000.0 30.0 3.0E-5 0.5 1.6616713708628082E-7 0.49910027414852065 3 0
10000.0 10000.0 30.0 3.0E-5 0.8 1.661660854076992E-7 0.7988003671371672 3 0
10000.0 10000.0 30.0 1.0E-5 0.1 1.664998907348804E-7 0.0986005652969443 3 0
10000.0 10000.0 30.0 1.0E-5 0.3 1.6649966751806454E-7 0.29870052522585605 3 0
10000.0 10000.0 30.0 1.0E-5 0.5 1.6649937597349827E-7 0.49850060529067897 3 0
10000.0 10000.0 30.0 1.0E-5 0.8 1.6649937576769582E-7 0.7985006052906454 3 0
30000.0 100.0 1.0 1.0E-4 0.1 0.24790724606777584 0.09755190971225737 2 0
30000.0 100.0 1.0 1.0E-4 0.3 0.24790724606779815 0.29755190971224815 2 0
30000.0 100.0 1.0 1.0E-4 0.5 0.247907246067825 0.4975519097122372 2 0
30000.0 100.0 1.0 1.0E-4 0.8 0.24790724606783854 0.7975519097122206 2 0
30000.0 100.0 1.0 3.0E-5 0.1 0.24439630081987224 0.09756204028084936 2 0
30000.0 100.0 1.0 3.0E-5 0.3 0.24439737421421 0.2975669116149533 2 0
30000.0 100.0 1.0 3.0E-5 0.5 0.24587368974683438 0.4975571253379526 2 0
30000.0 100.0 1.0 3.0E-5 0.8 0.24587368974686333 0.7975571253378276 2 0
30000.0 100.0 1.0 1.0E-5 0.1 0.2453659558005691 0.09755856754196371 2 0
30000.0 100.0 1.0 1.0E-5 0.3 0.24536595580057902 0.2975585675420443 2 0
30000.0 100.0 1.0 1.0E-5 0.5 0.24536595580055037 0.4975585675421424 2 0
30000.0 100.0 1.0 1.0E-5 0.8 0.24536595580082868 0.797558567541474 2 0
30000.0 100.0 3.0 1.0E-4 0.1 0.2429419606656513 0.09270561809818972 2 0
30000.0 100.0 3.0 1.0E-4 0.3 0.24294553090610746 0.2927541944465254 2 0
30000.0 100.0 3.0 1.0E-4 0.5 0.24790724606789316 0.49265572913664524 2 0
30000.0 100.0 3.0 1.0E-4 0.8 0.24790724606791723 0.7926557291366291 2 0
30000.0 100.0 3.0 3.0E-5 0.1 0.24587257230308424 0.09267629095587436 2 0
30000.0 100.0 3.0 3.0E-5 0.3 0.2443980898104473 0.29271047678594425 2 0
30000.0 100.0 3.0 3.0E-5 0.5 0.24439737421421623 0.49270073484381355 2 0
30000.0 100.0 3.0 3.0E-5 0.8 0.24439630081976774 0.7926861208415038 2 0
30000.0 100.0 3.0 1.0E-5 0.1 0.24536575925872217 0.09268059437519696 2 0
30000.0 100.0 3.0 1.0E-5 0.3 0.24487492969907496 0.29268547411692725 2 0
30000.0 100.0 3.0 1.0E-5 0.5 0.24536595580062606 0.49267570262429894 2 0
30000.0 100.0 3.0 1.0E-5 0.8 0.24536595580064138 0.7926757026241738 2 0
30000.0 100.0 10.0 1.0E-4 0.1 0.24790724606792386 0.07551909712204662 2 0
30000.0 100.0 10.0 1.0E-4 0.3 0.247907246067922 0.2755190971220467 2 0
30000.0 100.0 10.0 1.0E-4 0.5 0.2479072460679229 0.47551909712204676 2 0
30000.0 100.0 10.0 1.0E-4 0.8 0.24790724606792067 0.7755190971220468 2 0
30000.0 100.0 10.0 3.0E-5 0.1 0.24439630081979424 0.07562040280502137 2 0
30000.0 100.0 10.0 3.0E-5 0.3 0.24439737421419983 0.275669116146244 2 0
30000.0 100.0 10.0 3.0E-5 0.5 0.24587368974707915 0.47557125337705203 2 0
30000.0 100.0 10.0 3.0E-5 0.8 0.24587368974708826 0.7755712533770357 2 0
30000.0 100.0 10.0 1.0E-5 0.1 0.24536595580064047 0.07558567541354874 2 0
30000.0 100.0 10.0 1.0E-5 0.3 0.245365955800625 0.2755856754135399 2 0
30000.0 100.0 10.0 1.0E-5 0.5 0.24536595580064563 0.47558567541352953 2 0
30000.0 100.0 10.0 1.0E-5 0.8 0.24536595580062737 0.7755856754135135 2 0
30000.0 100.0 30.0 1.0E-4 0.1 0.24294196066564963 0.027056180981649035 2 0
30000.0 100.0 30.0 1.0E-4 0.3 0.24294553090610807 0.22754194446500692 2 0
30000.0 100.0 30.0 1.0E-4 0.5 0.24790724606792514 0.426557291366126 2 0
30000.0 100.0 30.0 1.0E-4 0.8 0.24790724606792533 0.7265572913661261 2 0
30000.0 100.0 30.0 3.0E-5 0.1 0.2458725723030783 0.02676290955903549 2 0
30000.0 100.0 30.0 3.0E-5 0.3 0.2443980898104659 0.227104767859735 2 0
30000.0 100.0 30.0 3.0E-5 0.5 0.24439737421419508 0.42700734843866 2 0
30000.0 100.0 30.0 3.0E-5 0.8 0.2443963008197942 0.7268612084149944 2 0
30000.0 100.0 30.0 1.0E-5 0.1 0.24536575925873588 0.026805943748512785 2 0
30000.0 100.0 30.0 1.0E-5 0.3 0.24487492969903138 0.22685474116598348 2 0
30000.0 100.0 30.0 1.0E-5 0.5 0.24536595580064038 0.4267570262405223 2 0
30000.0 100.0 30.0 1.0E-5 0.8 0.24536595580064427 0.7267570262405061 2 0
30000.0 300.0 1.0 1.0E-4 0.1 1.413807283885487E-6 0.09868929852950685 3 0
30000.0 300.0 1.0 1.0E-4 0.3 1.4138072917612577E-6 0.2986892985294922 3 0
30000.0 300.0 1.0 1.0E-4 0.5 1.4138072917612577E-6 0.49868929852947486 3 0
30000.0 300.0 1.0 1.0E-4 0.8 1.4138072651233063E-6 0.7986892985294484 3 0
30000.0 300.0 1.0 3.0E-5 0.1 3.413763423307472E-6 0.09870120044782967 3 0
30000.0 300.0 1.0 3.0E-5 0.3 3.410353490708137E-6 0.2987090432665769 3 0
30000.0 300.0 1.0 3.0E-5 0.5 3.417098789258764E-6 0.4986933502494522 3 0
30000.0 300.0 1.0 3.0E-5 0.8 3.4170987458592356E-6 0.7986933502492513 3 0
30000.0 300.0 1.0 1.0E-5 0.1 4.404778204096462E-6 0.09869446989345923 3 0
30000.0 300.0 1.0 1.0E-5 0.3 4.404778230975109E-6 0.29869446989358855 3 0
30000.0 300.0 1.0 1.0E-5 0.5 4.404778230975467E-6 0.4986944698937455 3 0
30000.0 300.0 1.0 1.0E-5 0.8 4.404778071455466E-6 0.798694469892674 3 0
30000.0 300.0 3.0 1.0E-4 0.1 4.730239180902244E-7 0.09614697905749606 3 0
30000.0 300.0 3.0 1.0E-4 0.3 4.71183751607841E-7 0.29622540045525403 3 0
30000.0 300.0 3.0 1.0E-4 0.5 4.747450100242837E-7 0.4960678955883194 3 0
30000.0 300.0 3.0 1.0E-4 0.8 4.747450071941499E-7 0.7960678955882929 3 0
30000.0 300.0 3.0 3.0E-5 0.1 1.1405272058013366E-6 0.09608790094532732 3 0
30000.0 300.0 3.0 3.0E-5 0.3 1.1364334500255296E-6 0.29614278315513437 3 0
30000.0 300.0 3.0 3.0E-5 0.5 1.1400834752651389E-6 0.4961271297980498 3 0
30000.0 300.0 3.0 3.0E-5 0.8 1.1369047805516324E-6 0.7961036013418196 3 0
30000.0 300.0 3.0 1.0E-5 0.1 1.4666796185233245E-6 0.09609124457209992 3 0
30000.0 300.0 3.0 1.0E-5 0.3 1.4680725766335493E-6 0.2960990768959843 3 0
30000.0 300.0 3.0 1.0E-5 0.5 1.4671413713024155E-6 0.4960834096778255 3 0
30000.0 300.0 3.0 1.0E-5 0.8 1.4671413295994514E-6 0.7960834096776247 3 0
30000.0 300.0 10.0 1.0E-4 0.1 1.4239783232846254E-7 0.08689298529423124 3 0
30000.0 300.0 10.0 1.0E-4 0.3 1.423978322793254E-7 0.28689298529423124 3 0
30000.0 300.0 10.0 1.0E-4 0.5 1.423978322793254E-7 0.48689298529423136 3 0
30000.0 300.0 10.0 1.0E-4 0.8 1.4239782781840168E-7 0.7868929852942318 3 0
30000.0 300.0 10.0 3.0E-5 0.1 3.4178814722448665E-7 0.08701200447275007 3 0
30000.0 300.0 10.0 3.0E-5 0.3 3.4144673875455696E-7 0.2870904326604839 3 0
30000.0 300.0 10.0 3.0E-5 0.5 3.4212208116113587E-7 0.48693350249056616 3 0
30000.0 300.0 10.0 3.0E-5 0.8 3.421220749825745E-7 0.78693350249054 3 0
30000.0 300.0 10.0 1.0E-5 0.1 4.404686035243927E-7 0.08694469892483363 3 0
30000.0 300.0 10.0 1.0E-5 0.3 4.4046859902924686E-7 0.2869446989248187 3 0
30000.0 300.0 10.0 1.0E-5 0.5 4.4046859902924686E-7 0.48694469892480197 3 0
30000.0 300.0 10.0 1.0E-5 0.8 4.4046860658473966E-7 0.7869446989247759 3 0
30000.0 300.0 30.0 1.0E-4 0.1 4.704882672649527E-8 0.061469790574569784 3 0
30000.0 300.0 30.0 1.0E-4 0.3 4.745734793060143E-8 0.26225400455214065 3 0
30000.0 300.0 30.0 1.0E-4 0.5 4.7220012529043087E-8 0.4606789558826718 3 0
30000.0 300.0 30.0 1.0E-4 0.8 4.7220013809514545E-8 0.7606789558826722 3 0
30000.0 300.0 30.0 3.0E-5 0.1 1.1375818154375137E-7 0.06087900945373898 3 0
30000.0 300.0 30.0 3.0E-5 0.3 1.1378043665923182E-7 0.2614278315518148 3 0
30000.0 300.0 30.0 3.0E-5 0.5 1.1371392294689557E-7 0.4612712979813345 3 0
30000.0 300.0 30.0 3.0E-5 0.8 1.1382762435950703E-7 0.7610360134181389 3 0
30000.0 300.0 30.0 1.0E-5 0.1 1.4666489214761378E-7 0.060912445715464926 3 0
30000.0 300.0 30.0 1.0E-5 0.3 1.4680418421777908E-7 0.26099076895455464 3 0
30000.0 300.0 30.0 1.0E-5 0.5 1.467110640165559E-7 0.4608340967743017 3 0
30000.0 300.0 30.0 1.0E-5 0.8 1.4671106609206962E-7 0.760834096774276 3 0
30000.0 1000.0 1.0 1.0E-4 0.1 3.682194911212596E-6 0.09952256843771112 3 0
30000.0 1000.0 1.0 1.0E-4 0.3 3.682194913690423E-6 0.2995225684376935 3 0
30000.0 1000.0 1.0 1.0E-4 0.5 3.682194913690423E-6 0.4995225684376724 3 0
30000.0 1000.0 1.0 1.0E-4 0.8 3.6821949190689235E-6 0.7995225684376408 3 0
30000.0 1000.0 1.0 3.0E-5 0.1 4.560993781538748E-6 0.09953344500915015 3 0
30000.0 1000.0 1.0 3.0E-5 0.3 4.559998419803113E-6 0.29954296746430353 3 0
30000.0 1000.0 1.0 3.0E-5 0.5 4.560144435717311E-6 0.49952391953795006 3 0
30000.0 1000.0 1.0 3.0E-5 0.8 4.560144430444083E-6 0.7995239195377071 3 0
30000.0 1000.0 1.0 1.0E-5 0.1 4.8491288788023424E-6 0.09952428011168862 3 0
30000.0 1000.0 1.0 1.0E-5 0.3 4.8491288796975716E-6 0.29952428011184534 3 0
30000.0 1000.0 1.0 1.0E-5 0.5 4.8491288796975716E-6 0.4995242801120363 3 0
30000.0 1000.0 1.0 1.0E-5 0.8 4.8491289162543735E-6 0.799524280110737 3 0
30000.0 1000.0 3.0 1.0E-4 0.1 1.2266348802632607E-6 0.09866325335558902 3 0
30000.0 1000.0 3.0 1.0E-4 0.3 1.22650481970133E-6 0.2987588013983038 3 0
30000.0 1000.0 3.0 1.0E-4 0.5 1.228116444331945E-6 0.4985677053128904 3 0
30000.0 1000.0 3.0 1.0E-4 0.8 1.2281164347980127E-6 0.7985677053128591 3 0
30000.0 1000.0 3.0 3.0E-5 0.1 1.5206538141772449E-6 0.09858128408334381 3 0
30000.0 1000.0 3.0 3.0E-5 0.3 1.520794445491977E-6 0.29864793619403174 3 0
30000.0 1000.0 3.0 3.0E-5 0.5 1.5209069489108748E-6 0.4986289023908674 3 0
30000.0 1000.0 3.0 3.0E-5 0.8 1.5198499300442076E-6 0.7986003350254247 3 0
30000.0 1000.0 3.0 1.0E-5 0.1 1.616472637033252E-6 0.09858235584462344 3 0
30000.0 1000.0 3.0 1.0E-5 0.3 1.6165833986196197E-6 0.29859186968504636 3 0
30000.0 1000.0 3.0 1.0E-5 0.5 1.6162912339638678E-6 0.4985728403319672 3 0
30000.0 1000.0 3.0 1.0E-5 0.8 1.616291220585837E-6 0.7985728403317245 3 0
30000.0 1000.0 10.0 1.0E-4 0.1 3.682465196061362E-7 0.09522568437610093 3 0
30000.0 1000.0 10.0 1.0E-4 0.3 3.682465203036183E-7 0.29522568437610125 3 0
30000.0 1000.0 10.0 1.0E-4 0.5 3.682465203036183E-7 0.4952256843761014 3 0
30000.0 1000.0 10.0 1.0E-4 0.8 3.6824651998403577E-7 0.7952256843761016 3 0
30000.0 1000.0 10.0 3.0E-5 0.1 4.559515489253768E-7 0.09533445008477101 3 0
30000.0 1000.0 10.0 3.0E-5 0.3 4.5626865114599865E-7 0.2954296746366112 3 0
30000.0 1000.0 10.0 3.0E-5 0.5 4.5628326110370736E-7 0.4952391953747035 3 0
30000.0 1000.0 10.0 3.0E-5 0.8 4.562832556747552E-7 0.795239195374672 3 0
30000.0 1000.0 10.0 1.0E-5 0.1 4.849957581935294E-7 0.09524280110504163 3 0
30000.0 1000.0 10.0 1.0E-5 0.3 4.849957551059539E-7 0.2952428011050241 3 0
30000.0 1000.0 10.0 1.0E-5 0.5 4.849957551059539E-7 0.49524280110500296 3 0
30000.0 1000.0 10.0 1.0E-5 0.8 4.849957509875876E-7 0.795242801104971 3 0
30000.0 1000.0 30.0 1.0E-4 0.1 1.22672491950969E-7 0.0866325335554141 3 0
30000.0 1000.0 30.0 1.0E-4 0.3 1.2265948495712168E-7 0.28758801398255224 3 0
30000.0 1000.0 30.0 1.0E-4 0.5 1.2282065875924652E-7 0.4856770531282764 3 0
30000.0 1000.0 30.0 1.0E-4 0.8 1.2282065825698634E-7 0.7856770531282765 3 0
30000.0 1000.0 30.0 3.0E-5 0.1 1.5201609443161813E-7 0.08581284083400381 3 0
30000.0 1000.0 30.0 3.0E-5 0.3 1.520301530906294E-7 0.28647936194088824 3 0
30000.0 1000.0 30.0 3.0E-5 0.5 1.5204139981535246E-7 0.4862890239096913 3 0
30000.0 1000.0 30.0 3.0E-5 0.8 1.5207458692559692E-7 0.7860033502541778 3 0
30000.0 1000.0 30.0 1.0E-5 0.1 1.6162565098264916E-7 0.08582355843951181 3 0
30000.0 1000.0 30.0 1.0E-5 0.3 1.6163672497598446E-7 0.28591869684404225 3 0
30000.0 1000.0 30.0 1.0E-5 0.5 1.6165674515829916E-7 0.48572840331488304 3 0
30000.0 1000.0 30.0 1.0E-5 0.8 1.6165674427198665E-7 0.7857284033148513 3 0
30000.0 3000.0 1.0 1.0E-4 0.1 4.52076727129429E-6 0.09983438546514531 3 0
30000.0 3000.0 1.0 1.0E-4 0.3 4.520767273377922E-6 0.29983438546512686 3 0
30000.0 3000.0 1.0 1.0E-4 0.5 4.520767276153479E-6 0.499834385465105 3 0
30000.0 3000.0 1.0 1.0E-4 0.8 4.520767251866086E-6 0.799834385465072 3 0
30000.0 3000.0 1.0 3.0E-5 0.1 4.851183484180652E-6 0.09984463445123895 3 0
30000.0 3000.0 1.0 3.0E-5 0.3 4.850898542170314E-6 0.2998545523415253 3 0
30000.0 3000.0 1.0 3.0E-5 0.5 4.850669365320755E-6 0.499834716560722 3 0
30000.0 3000.0 1.0 3.0E-5 0.8 4.850669339203806E-6 0.7998347165604689 3 0
30000.0 3000.0 1.0 1.0E-5 0.1 4.94988559260472E-6 0.09983479563177028 3 0
30000.0 3000.0 1.0 1.0E-5 0.3 4.9498855762984495E-6 0.29983479563193427 3 0
30000.0 3000.0 1.0 1.0E-5 0.5 4.949885572412669E-6 0.4998347956321326 3 0
30000.0 3000.0 1.0 1.0E-5 0.8 4.9498856320888345E-6 0.799834795630779 3 0
30000.0 3000.0 3.0 1.0E-4 0.1 1.5078475999303793E-6 0.09960252658204198 3 0
30000.0 3000.0 3.0 1.0E-4 0.3 1.5077445462420426E-6 0.2997018945700704 3 0
30000.0 3000.0 3.0 1.0E-4 0.5 1.507419256147775E-6 0.49950315639518317 3 0
30000.0 3000.0 3.0 1.0E-4 0.8 1.5074192563380006E-6 0.7995031563951505 3 0
30000.0 3000.0 3.0 3.0E-5 0.1 1.6170507891250562E-6 0.09951406757090596 3 0
30000.0 3000.0 3.0 3.0E-5 0.3 1.6169145862193804E-6 0.29958348782285615 3 0
30000.0 3000.0 3.0 3.0E-5 0.5 1.6171986618329191E-6 0.49956365702244615 3 0
30000.0 3000.0 3.0 3.0E-5 0.8 1.6172936483192656E-6 0.799533903351608 3 0
30000.0 3000.0 3.0 1.0E-5 0.1 1.6501193805486886E-6 0.09951429981068388 3 0
30000.0 3000.0 3.0 1.0E-5 0.3 1.6500324557309149E-6 0.2995242117515831 3 0
30000.0 3000.0 3.0 1.0E-5 0.5 1.6500169422581205E-6 0.49950438689208393 3 0
30000.0 3000.0 3.0 1.0E-5 0.8 1.650016935711347E-6 0.7995043868918311 3 0
30000.0 3000.0 10.0 1.0E-4 0.1 4.5202965313259503E-7 0.09834385465040157 3 0
30000.0 3000.0 10.0 1.0E-4 0.3 4.5202965248333385E-7 0.2983438546504018 3 0
30000.0 3000.0 10.0 1.0E-4 0.5 4.5202965248333385E-7 0.49834385465040193 3 0
30000.0 3000.0 10.0 1.0E-4 0.8 4.520296541231171E-7 0.7983438546504023 3 0
30000.0 3000.0 10.0 3.0E-5 0.1 4.850637244696909E-7 0.09844634450538182 3 0
30000.0 3000.0 10.0 3.0E-5 0.3 4.851809871871447E-7 0.298545523408557 3 0
30000.0 3000.0 10.0 3.0E-5 0.5 4.851580640001852E-7 0.49834716560222386 3 0
30000.0 3000.0 10.0 3.0E-5 0.8 4.851580630071666E-7 0.7983471656021911 3 0
30000.0 3000.0 10.0 1.0E-5 0.1 4.950165995274039E-7 0.09834795630536526 3 0
30000.0 3000.0 10.0 1.0E-5 0.3 4.950165966125247E-7 0.29834795630534694 3 0
30000.0 3000.0 10.0 1.0E-5 0.5 4.950165966680358E-7 0.4983479563053252 3 0
30000.0 3000.0 10.0 1.0E-5 0.8 4.950165976362008E-7 0.7983479563052922 3 0
30000.0 3000.0 30.0 1.0E-4 0.1 1.5076905896321979E-7 0.09602526581992495 3 0
30000.0 3000.0 30.0 1.0E-4 0.3 1.5075875460063878E-7 0.29701894570019893 3 0
30000.0 3000.0 30.0 1.0E-4 0.5 1.5072622863837414E-7 0.49503156395117726 3 0
30000.0 3000.0 30.0 1.0E-4 0.8 1.5072622869437225E-7 0.7950315639511774 3 0
30000.0 3000.0 30.0 3.0E-5 0.1 1.616868702759296E-7 0.09514067570964825 3 0
30000.0 3000.0 30.0 3.0E-5 0.3 1.6172183465793044E-7 0.29583487822915633 3 0
30000.0 3000.0 30.0 3.0E-5 0.5 1.6170165544739655E-7 0.49563657022552265 3 0
30000.0 3000.0 30.0 3.0E-5 0.8 1.617111540659184E-7 0.7953390335160049 3 0
30000.0 3000.0 30.0 1.0E-5 0.1 1.6500475637514867E-7 0.09514299809983465 3 0
30000.0 3000.0 30.0 1.0E-5 0.3 1.6499606453562422E-7 0.29524211750913804 3 0
30000.0 3000.0 30.0 1.0E-5 0.5 1.649945129822653E-7 0.49504386891584384 3 0
30000.0 3000.0 30.0 1.0E-5 0.8 1.6499451295706415E-7 0.7950438689158116 3 0
30000.0 10000.0 1.0 1.0E-4 0.1 1.0005999999993596 0.09990000000010675 2 0
30000.0 10000.0 1.0 1.0E-4 0.3 1.000599999999471 0.2999000000000882 2 0
30000.0 10000.0 1.0 1.0E-4 0.5 1.0005999999996034 0.4999000000000662 2 0
30000.0 10000.0 1.0 1.0E-4 0.8 1.0005999999998014 0.7999000000000331 2 0
30000.0 10000.0 1.0 3.0E-5 0.1 4.954826085484784E-6 0.09996003224223808 3 0
30000.0 10000.0 1.0 3.0E-5 0.3 4.95489116432905E-6 0.29997002429377223 3 0
30000.0 10000.0 1.0 3.0E-5 0.5 4.954801939264334E-6 0.4999500397400347 3 0
30000.0 10000.0 1.0 3.0E-5 0.8 4.954801955276242E-6 0.7999500397397797 3 0
30000.0 10000.0 1.0 1.0E-5 0.1 4.985011376564917E-6 0.09995005314003091 3 0
30000.0 10000.0 1.0 1.0E-5 0.3 4.985011360817026E-6 0.29995005314019596 3 0
30000.0 10000.0 1.0 1.0E-5 0.5 4.985011340832805E-6 0.49995005314039553 3 0
30000.0 10000.0 1.0 1.0E-5 0.8 4.985011458571055E-6 0.7999500531390319 3 0
30000.0 10000.0 3.0 1.0E-4 0.1 1.0003999999998998 0.0998000000000501 2 0
30000.0 10000.0 3.0 1.0E-4 0.3 1.0001999999998976 0.2999000000000512 2 0
30000.0 10000.0 3.0 1.0E-4 0.5 1.000599999999868 0.49970000000006615 2 0
30000.0 10000.0 3.0 1.0E-4 0.8 1.0005999999999338 0.7997000000000332 2 0
30000.0 10000.0 3.0 3.0E-5 0.1 1.651609884831803E-6 0.09986011172051722 3 0
30000.0 10000.0 3.0 3.0E-5 0.3 1.6515931894960508E-6 0.2999300560846525 3 0
30000.0 10000.0 3.0 3.0E-5 0.5 1.6517079348773425E-6 0.49991007287917066 3 0
30000.0 10000.0 3.0 3.0E-5 0.8 1.6516862332424966E-6 0.7998800967245894 3 0
30000.0 10000.0 3.0 1.0E-5 0.1 1.6616355440340413E-6 0.09986014892120605 3 0
30000.0 10000.0 3.0 1.0E-5 0.3 1.661655361219477E-6 0.2998701383292611 3 0
30000.0 10000.0 3.0 1.0E-5 0.5 1.6616438333029367E-6 0.49985015941684074 3 0
30000.0 10000.0 3.0 1.0E-5 0.8 1.6616438338156739E-6 0.799850159416586 3 0
30000.0 10000.0 10.0 1.0E-4 0.1 1.000599999999994 0.0990000000000103 2 0
30000.0 10000.0 10.0 1.0E-4 0.3 1.0005999999999937 0.2990000000000105 2 0
30000.0 10000.0 10.0 1.0E-4 0.5 1.0005999999999937 0.49900000000001066 2 0
30000.0 10000.0 10.0 1.0E-4 0.8 1.0005999999999937 0.7990000000000109 2 0
30000.0 10000.0 10.0 3.0E-5 0.1 4.955090296083934E-7 0.09960032241532008 3 0
30000.0 10000.0 10.0 3.0E-5 0.3 4.955155403255345E-7 0.299700242930975 3 0
30000.0 10000.0 10.0 3.0E-5 0.5 4.955066104005688E-7 0.49950039739531404 3 0
30000.0 10000.0 10.0 3.0E-5 0.8 4.95506610424893E-7 0.7995003973952811 3 0
30000.0 10000.0 10.0 1.0E-5 0.1 4.984932737972778E-7 0.0995005313878763 3 0
30000.0 10000.0 10.0 1.0E-5 0.3 4.984932733834897E-7 0.2995005313878578 3 0
30000.0 10000.0 10.0 1.0E-5 0.5 4.984932733834897E-7 0.4995005313878358 3 0
30000.0 10000.0 10.0 1.0E-5 0.8 4.984932748508485E-7 0.7995005313878025 3 0
30000.0 10000.0 30.0 1.0E-4 0.1 1.0003999999999997 0.09800000000000286 2 0
30000.0 10000.0 30.0 1.0E-4 0.3 1.0001999999999993 0.29900000000000304 2 0
30000.0 10000.0 30.0 1.0E-4 0.5 1.0005999999999993 0.4970000000000032 2 0
30000.0 10000.0 30.0 1.0E-4 0.8 1.0005999999999993 0.7970000000000035 2 0
30000.0 10000.0 30.0 3.0E-5 0.1 1.6516979254458676E-7 0.09860111720576545 3 0
30000.0 10000.0 30.0 3.0E-5 0.3 1.6516812294781937E-7 0.2993005608471241 3 0
30000.0 10000.0 30.0 3.0E-5 0.5 1.6516473116281833E-7 0.4991007287927762 3 0
30000.0 10000.0 30.0 3.0E-5 0.8 1.6516256117201027E-7 0.7988009672458186 3 0
30000.0 10000.0 30.0 1.0E-5 0.1 1.6616591551508462E-7 0.09860148920500227 3 0
30000.0 10000.0 30.0 1.0E-5 0.3 1.6616291122458705E-7 0.29870138328586676 3 0
30000.0 10000.0 30.0 1.0E-5 0.5 1.6616674383562667E-7 0.4985015941633749 3 0
30000.0 10000.0 30.0 1.0E-5 0.8 1.661667438889793E-7 0.7985015941633421 3 0
100000.0 100.0 1.0 1.0E-4 0.1 0.49179796611466253 0.09835138818742033 2 0
100000.0 100.0 1.0 1.0E-4 0.3 0.49179796611474447 0.2983513881874142 2 0
100000.0 100.0 1.0 1.0E-4 0.5 0.49179796611496696 0.49835138818740665 2 0
100000.0 100.0 1.0 1.0E-4 0.8 0.49179796611515464 0.7983513881873957 2 0
100000.0 100.0 1.0 3.0E-5 0.1 0.485549333903832 0.0983591957867695 2 0
100000.0 100.0 1.0 3.0E-5 0.3 0.4855522653411882 0.2983625040008242 2 0
100000.0 100.0 1.0 3.0E-5 0.5 0.48848611345765797 0.49835588757263793 2 0
100000.0 100.0 1.0 3.0E-5 0.8 0.48848611345826687 0.7983558875725537 2 0
100000.0 100.0 1.0 1.0E-5 0.1 0.48659183177739984 0.09835711360858952 2 0
100000.0 100.0 1.0 1.0E-5 0.3 0.4865918317773939 0.2983571136086445 2 0
100000.0 100.0 1.0 1.0E-5 0.5 0.48659183177734633 0.4983571136087106 2 0
100000.0 100.0 1.0 1.0E-5 0.8 0.48659183177774584 0.7983571136082578 2 0
100000.0 100.0 3.0 1.0E-4 0.1 0.48178191081249694 0.0950877515716337 2 0
100000.0 100.0 3.0 1.0E-4 0.3 0.48187195880284567 0.29512133858109757 2 0
100000.0 100.0 3.0 1.0E-4 0.5 0.4917979661152638 0.49505416456217555 2 0
100000.0 100.0 3.0 1.0E-4 0.8 0.49179796611531607 0.7950541645621647 2 0
100000.0 100.0 3.0 3.0E-5 0.1 0.48554737961208577 0.0950709709314528 2 0
100000.0 100.0 3.0 3.0E-5 0.3 0.48555421963247114 0.29509404717376464 2 0
100000.0 100.0 3.0 3.0E-5 0.5 0.48555226534094764 0.495087512001762 2 0
100000.0 100.0 3.0 3.0E-5 0.8 0.48554933390364713 0.7950775873596048 2 0
100000.0 100.0 3.0 1.0E-5 0.1 0.4865905705417721 0.09507462947093623 2 0
100000.0 100.0 3.0 1.0E-5 0.3 0.4856166654049063 0.29507791380701015 2 0
100000.0 100.0 3.0 1.0E-5 0.5 0.4865918317778151 0.49507134082468873 2 0
100000.0 100.0 3.0 1.0E-5 0.8 0.48659183177771625 0.7950713408246045 2 0
100000.0 100.0 10.0 1.0E-4 0.1 0.4917979661154127 0.08351388187384821 2 0
100000.0 100.0 10.0 1.0E-4 0.3 0.49179796611540977 0.2835138818738483 2 0
100000.0 100.0 10.0 1.0E-4 0.5 0.4917979661154078 0.4835138818738484 2 0
100000.0 100.0 10.0 1.0E-4 0.8 0.49179796611541493 0.7835138818738483 2 0
100000.0 100.0 10.0 3.0E-5 0.1 0.485549333903626 0.08359195786535767 2 0
100000.0 100.0 10.0 3.0E-5 0.3 0.48555226534093593 0.2836250400060074 2 0
100000.0 100.0 10.0 3.0E-5 0.5 0.4884861134589774 0.4835588757247133 2 0
100000.0 100.0 10.0 3.0E-5 0.8 0.4884861134589734 0.7835588757247025 2 0
100000.0 100.0 10.0 1.0E-5 0.1 0.4865918317778736 0.08357113608176735 2 0
100000.0 100.0 10.0 1.0E-5 0.3 0.48659183177787735 0.28357113608176127 2 0
100000.0 100.0 10.0 1.0E-5 0.5 0.48659183177788135 0.48357113608175384 2 0
100000.0 100.0 10.0 1.0E-5 0.8 0.48659183177790355 0.7835711360817427 2 0
100000.0 100.0 30.0 1.0E-4 0.1 0.4817819108124521 0.050877515716169885 2 0
100000.0 100.0 30.0 1.0E-4 0.3 0.4818719588027816 0.25121338581080455 2 0
100000.0 100.0 30.0 1.0E-4 0.5 0.4917979661154198 0.45054164562153537 2 0
100000.0 100.0 30.0 1.0E-4 0.8 0.4917979661154164 0.7505416456215356 2 0
100000.0 100.0 30.0 3.0E-5 0.1 0.4855473796120905 0.05070970931472384 2 0
100000.0 100.0 30.0 3.0E-5 0.3 0.48555421963246986 0.2509404717378375 2 0
100000.0 100.0 30.0 3.0E-5 0.5 0.48555226534093376 0.4508751200179733 2 0
100000.0 100.0 30.0 3.0E-5 0.8 0.48554933390363125 0.7507758735960256 2 0
100000.0 100.0 30.0 1.0E-5 0.1 0.4865905705418594 0.05074629470704215 2 0
100000.0 100.0 30.0 1.0E-5 0.3 0.4856166654048007 0.2507791380678823 2 0
100000.0 100.0 30.0 1.0E-5 0.5 0.486591831777882 0.45071340824521766 2 0
100000.0 100.0 30.0 1.0E-5 0.8 0.4865918317778831 0.7507134082452064 2 0
100000.0 300.0 1.0 1.0E-4 0.1 0.0554025324761875 0.0989423872649875 2 0
100000.0 300.0 1.0 1.0E-4 0.3 0.05540253247620487 0.29894238726497574 2 0
100000.0 300.0 1.0 1.0E-4 0.5 0.05540253247622171 0.49894238726496165 2 0
100000.0 300.0 1.0 1.0E-4 0.8 0.05540253247626865 0.7989423872649405 2 0
100000.0 300.0 1.0 3.0E-5 0.1 0.057474831625058544 0.09895397857948485 2 0
100000.0 300.0 1.0 3.0E-5 0.3 0.05644018101130032 0.298960291912305 2 0
100000.0 300.0 1.0 3.0E-5 0.5 0.05747651928721173 0.4989476631823161 2 0
100000.0 300.0 1.0 3.0E-5 0.8 0.05747651928722322 0.798947663182153 2 0
100000.0 300.0 1.0 1.0E-5 0.1 0.058213775204807194 0.09894908011790193 2 0
100000.0 300.0 1.0 1.0E-5 0.3 0.05821377520483465 0.29894908011800636 2 0
100000.0 300.0 1.0 1.0E-5 0.5 0.05821377520471451 0.49894908011813316 2 0
100000.0 300.0 1.0 1.0E-5 0.8 0.05821377520505858 0.7989490801172695 2 0
100000.0 300.0 3.0 1.0E-4 0.1 0.055384630004372847 0.09689104334283344 2 0
100000.0 300.0 3.0 1.0E-4 0.3 0.05205934797791025 0.29695492489087777 2 0
100000.0 300.0 3.0 1.0E-4 0.5 0.05540253247624318 0.4968271617948002 2 0
100000.0 300.0 3.0 1.0E-4 0.8 0.05540253247624677 0.7968271617947791 2 0
100000.0 300.0 3.0 3.0E-5 0.1 0.057475956733285365 0.09684930907139006 2 0
100000.0 300.0 3.0 3.0E-5 0.3 0.05644135496381104 0.29689350240126694 2 0
100000.0 300.0 3.0 3.0E-5 0.5 0.05644018101111753 0.4968808757355584 2 0
100000.0 300.0 3.0 3.0E-5 0.8 0.05747483162516142 0.7968619357371124 2 0
100000.0 300.0 3.0 1.0E-5 0.1 0.05786446827516118 0.09685354887348906 2 0
100000.0 300.0 3.0 1.0E-5 0.3 0.057864480414447 0.2968598528915573 2 0
100000.0 300.0 3.0 1.0E-5 0.5 0.05821377520494425 0.49684724035164707 2 0
100000.0 300.0 3.0 1.0E-5 0.8 0.05821377520496262 0.7968472403514856 2 0
100000.0 300.0 10.0 1.0E-4 0.1 0.055402532476252854 0.08942387264919982 2 0
100000.0 300.0 10.0 1.0E-4 0.3 0.05540253247625241 0.2894238726492 2 0
100000.0 300.0 10.0 1.0E-4 0.5 0.055402532476253784 0.48942387264920006 2 0
100000.0 300.0 10.0 1.0E-4 0.8 0.055402532476252694 0.7894238726492004 2 0
100000.0 300.0 10.0 3.0E-5 0.1 0.05747483162518942 0.0895397857903876 2 0
100000.0 300.0 10.0 3.0E-5 0.3 0.05644018101113331 0.2896029191187844 2 0
100000.0 300.0 10.0 3.0E-5 0.5 0.05747651928732493 0.4894766318199485 2 0
100000.0 300.0 10.0 3.0E-5 0.8 0.057476519287331274 0.7894766318199276 2 0
100000.0 300.0 10.0 1.0E-5 0.1 0.05821377520498409 0.08949080117114783 2 0
100000.0 300.0 10.0 1.0E-5 0.3 0.05821377520497818 0.28949080117113635 2 0
100000.0 300.0 10.0 1.0E-5 0.5 0.0582137752049753 0.489490801171122 2 0
100000.0 300.0 10.0 1.0E-5 0.8 0.05821377520499475 0.789490801171101 2 0
100000.0 300.0 30.0 1.0E-4 0.1 0.055384630004380875 0.06891043342801613 2 0
100000.0 300.0 30.0 1.0E-4 0.3 0.0520593479778999 0.2695492489084508 2 0
100000.0 300.0 30.0 1.0E-4 0.5 0.05540253247625413 0.46827161794758193 2 0
100000.0 300.0 30.0 1.0E-4 0.8 0.05540253247625252 0.7682716179475819 2 0
100000.0 300.0 30.0 3.0E-5 0.1 0.057475956733281916 0.06849309071427549 2 0
100000.0 300.0 30.0 3.0E-5 0.3 0.05644135496381388 0.2689350240130495 2 0
100000.0 300.0 30.0 3.0E-5 0.5 0.056440181011133864 0.4688087573562587 2 0
100000.0 300.0 30.0 3.0E-5 0.8 0.05747483162519441 0.768619357371073 2 0
100000.0 300.0 30.0 1.0E-5 0.1 0.05786446827516597 0.06853548873043705 2 0
100000.0 300.0 30.0 1.0E-5 0.3 0.05786448041446072 0.26859852891131614 2 0
100000.0 300.0 30.0 1.0E-5 0.5 0.0582137752049813 0.4684724035132827 2 0
100000.0 300.0 30.0 1.0E-5 0.8 0.058213775204988154 0.7684724035132616 2 0
100000.0 1000.0 1.0 1.0E-4 0.1 1.734143323347289E-6 0.0995510398805329 3 0
100000.0 1000.0 1.0 1.0E-4 0.3 1.7341433079371548E-6 0.2995510398805161 3 0
100000.0 1000.0 1.0 1.0E-4 0.5 1.7341433079371548E-6 0.4995510398804964 3 0
100000.0 1000.0 1.0 1.0E-4 0.8 1.7341433396638047E-6 0.7995510398804665 3 0
100000.0 1000.0 1.0 3.0E-5 0.1 3.6369816283055556E-6 0.09956271337677834 3 0
100000.0 1000.0 1.0 3.0E-5 0.3 3.634811965520814E-6 0.2995716401042561 3 0
100000.0 1000.0 1.0 3.0E-5 0.5 3.6377862884384873E-6 0.49955378664909295 3 0
100000.0 1000.0 1.0 3.0E-5 0.8 3.637786254909695E-6 0.7995537866488652 3 0
100000.0 1000.0 1.0 1.0E-5 0.1 4.495562229460599E-6 0.09955449193873712 3 0
100000.0 1000.0 1.0 1.0E-5 0.3 4.495562197149763E-6 0.2995544919388843 3 0
100000.0 1000.0 1.0 1.0E-5 0.5 4.495562197149763E-6 0.49955449193906315 3 0
100000.0 1000.0 1.0 1.0E-5 0.8 4.495562174036946E-6 0.799554491937846 3 0
100000.0 1000.0 3.0 1.0E-4 0.1 5.804047144073146E-7 0.09874324049796215 3 0
100000.0 1000.0 3.0 1.0E-4 0.3 5.820451958382252E-7 0.2988332727767259 3 0
100000.0 1000.0 3.0 1.0E-4 0.5 5.821542597192519E-7 0.49865311964136977 3 0
100000.0 1000.0 3.0 1.0E-4 0.8 5.82154265935135E-7 0.79865311964134 3 0
100000.0 1000.0 3.0 3.0E-5 0.1 1.2144244082525657E-6 0.09867028667336511 3 0
100000.0 1000.0 3.0 3.0E-5 0.3 1.212726816565718E-6 0.29873277376590424 3 0
100000.0 1000.0 3.0 3.0E-5 0.5 1.2134714135014461E-6 0.4987149203108513 3 0
100000.0 1000.0 3.0 3.0E-5 0.8 1.214195755903672E-6 0.798688140128437 3 0
100000.0 1000.0 3.0 1.0E-5 0.1 1.4988746338920199E-6 0.0986723912261792 3 0
100000.0 1000.0 3.0 1.0E-5 0.3 1.498797107008051E-6 0.29868129876167676 3 0
100000.0 1000.0 3.0 1.0E-5 0.5 1.4988914934920316E-6 0.4986634758133084 3 0
100000.0 1000.0 3.0 1.0E-5 0.8 1.4988915131895113E-6 0.7986634758130814 3 0
100000.0 1000.0 10.0 1.0E-4 0.1 1.7412117757670827E-7 0.09551039880437628 3 0
100000.0 1000.0 10.0 1.0E-4 0.3 1.741211763791174E-7 0.2955103988043765 3 0
100000.0 1000.0 10.0 1.0E-4 0.5 1.741211763791174E-7 0.49551039880437664 3 0
100000.0 1000.0 10.0 1.0E-4 0.8 1.7412118069678044E-7 0.7955103988043767 3 0
100000.0 1000.0 10.0 3.0E-5 0.1 3.6404259477992497E-7 0.09562713376147608 3 0
100000.0 1000.0 10.0 3.0E-5 0.3 3.638254266061628E-7 0.2957164010365334 3 0
100000.0 1000.0 10.0 3.0E-5 0.5 3.6412313857159706E-7 0.49553786648643394 3 0
100000.0 1000.0 10.0 3.0E-5 0.8 3.64123138121739E-7 0.7955378664864046 3 0
100000.0 1000.0 10.0 1.0E-5 0.1 4.497112249671245E-7 0.09554491937627328 3 0
100000.0 1000.0 10.0 1.0E-5 0.3 4.49711231920846E-7 0.2955449193762567 3 0
100000.0 1000.0 10.0 1.0E-5 0.5 4.49711231920846E-7 0.495544919376237 3 0
100000.0 1000.0 10.0 1.0E-5 0.8 4.4971122410473633E-7 0.7955449193762075 3 0
100000.0 1000.0 30.0 1.0E-4 0.1 5.827704726868969E-8 0.08743240497917272 3 0
100000.0 1000.0 30.0 1.0E-4 0.3 5.783159420529563E-8 0.2883327277668057 3 0
100000.0 1000.0 30.0 1.0E-4 0.5 5.784243172425158E-8 0.48653119641310394 3 0
100000.0 1000.0 30.0 1.0E-4 0.8 5.7842432385481E-8 0.7865311964131042 3 0
100000.0 1000.0 30.0 3.0E-5 0.1 1.2117374141535813E-7 0.08670286673418087 3 0
100000.0 1000.0 30.0 3.0E-5 0.3 1.2138752965195484E-7 0.2873277376595776 3 0
100000.0 1000.0 30.0 3.0E-5 0.5 1.214620598403148E-7 0.48714920310946724 3 0
100000.0 1000.0 30.0 3.0E-5 0.8 1.2115092474942552E-7 0.7868814012843016 3 0
100000.0 1000.0 30.0 1.0E-5 0.1 1.499391436718645E-7 0.08672391225549873 3 0
100000.0 1000.0 30.0 1.0E-5 0.3 1.4993138741794357E-7 0.2868129876107544 3 0
100000.0 1000.0 30.0 1.0E-5 0.5 1.4994083041953687E-7 0.48663475812859314 3 0
100000.0 1000.0 30.0 1.0E-5 0.8 1.4994083116062754E-7 0.786634758128564 3 0
100000.0 3000.0 1.0 1.0E-4 0.1 3.5747974038649067E-6 0.09983606372649402 3 0
100000.0 3000.0 1.0 1.0E-4 0.3 3.5747974168842516E-6 0.2998360637264757 3 0
100000.0 3000.0 1.0 1.0E-4 0.5 3.5747974168842516E-6 0.499836063726454 3 0
100000.0 3000.0 1.0 1.0E-4 0.8 3.5747973813060328E-6 0.7998360637264215 3 0
100000.0 3000.0 1.0 3.0E-5 0.1 4.521610011533445E-6 0.09984673187035929 3 0
100000.0 3000.0 1.0 3.0E-5 0.3 4.520281413793149E-6 0.29985651780984257 3 0
100000.0 3000.0 1.0 3.0E-5 0.5 4.518294127278875E-6 0.49983694499804904 3 0
100000.0 3000.0 1.0 3.0E-5 0.8 4.5182941767779215E-6 0.7998369449977991 3 0
100000.0 3000.0 1.0 1.0E-5 0.1 4.834508214263728E-6 0.09983714091096603 3 0
100000.0 3000.0 1.0 1.0E-5 0.3 4.834508231247022E-6 0.29983714091112773 3 0
100000.0 3000.0 1.0 1.0E-5 0.5 4.834508226486025E-6 0.4998371409113233 3 0
100000.0 3000.0 1.0 1.0E-5 0.8 4.834508156135016E-6 0.7998371409099886 3 0
100000.0 3000.0 3.0 1.0E-4 0.1 1.190732668408354E-6 0.09960675104501834 3 0
100000.0 3000.0 3.0 1.0E-4 0.3 1.191969029457791E-6 0.2997050444784615 3 0
100000.0 3000.0 3.0 1.0E-4 0.5 1.1888014272535571E-6 0.49950819117923156 3 0
100000.0 3000.0 3.0 1.0E-4 0.8 1.18880141922323E-6 0.7995081911791991 3 0
100000.0 3000.0 3.0 3.0E-5 0.1 1.5061328244814058E-6 0.09952062186470384 3 0
100000.0 3000.0 3.0 3.0E-5 0.3 1.5067496195491349E-6 0.2995891076051002 3 0
100000.0 3000.0 3.0 3.0E-5 0.5 1.5068059397630216E-6 0.49956955342742815 3 0
100000.0 3000.0 3.0 3.0E-5 0.8 1.5072487973817508E-6 0.799540195608997 3 0
100000.0 3000.0 3.0 1.0E-5 0.1 1.6120533609114788E-6 0.09952119644549044 3 0
100000.0 3000.0 3.0 1.0E-5 0.3 1.6114107601151988E-6 0.29953096690773345 3 0
100000.0 3000.0 3.0 1.0E-5 0.5 1.6114915488461419E-6 0.4995114227297163 3 0
100000.0 3000.0 3.0 1.0E-5 0.8 1.6114915280324398E-6 0.7995114227294671 3 0
100000.0 3000.0 10.0 1.0E-4 0.1 3.5757538472374464E-7 0.09836063726389818 3 0
100000.0 3000.0 10.0 1.0E-4 0.3 3.5757538590070285E-7 0.29836063726389833 3 0
100000.0 3000.0 10.0 1.0E-4 0.5 3.5757538590070285E-7 0.4983606372638985 3 0
100000.0 3000.0 10.0 1.0E-4 0.8 3.5757538411527503E-7 0.7983606372638987 3 0
100000.0 3000.0 10.0 3.0E-5 0.1 4.5210882427043376E-7 0.09846731869667792 3 0
100000.0 3000.0 10.0 3.0E-5 0.3 4.5197598332323867E-7 0.2985651780918241 3 0
100000.0 3000.0 10.0 3.0E-5 0.5 4.5177727435906346E-7 0.49836944997555993 3 0
100000.0 3000.0 10.0 3.0E-5 0.8 4.5177727382997857E-7 0.7983694499755276 3 0
100000.0 3000.0 10.0 1.0E-5 0.1 4.83503890930097E-7 0.09837140909749609 3 0
100000.0 3000.0 10.0 1.0E-5 0.3 4.835038935884331E-7 0.29837140909747845 3 0
100000.0 3000.0 10.0 1.0E-5 0.5 4.835038935884331E-7 0.49837140909745675 3 0
100000.0 3000.0 10.0 1.0E-5 0.8 4.835038852471664E-7 0.7983714090974235 3 0
100000.0 3000.0 30.0 1.0E-4 0.1 1.1910512506020151E-7 0.09606751044969249 3 0
100000.0 3000.0 30.0 1.0E-4 0.3 1.1922879408558578E-7 0.29705044478411524 3 0
100000.0 3000.0 30.0 1.0E-4 0.5 1.1891194928273654E-7 0.4950819117916673 3 0
100000.0 3000.0 30.0 1.0E-4 0.8 1.1891194919459642E-7 0.7950819117916674 3 0
100000.0 3000.0 30.0 3.0E-5 0.1 1.505959019165881E-7 0.09520621864761929 3 0
100000.0 3000.0 30.0 3.0E-5 0.3 1.506575748241725E-7 0.2958910760515883 3 0
100000.0 3000.0 30.0 3.0E-5 0.5 1.506632053020043E-7 0.4956955342753268 3 0
100000.0 3000.0 30.0 3.0E-5 0.8 1.5070748738095232E-7 0.7954019560898948 3 0
100000.0 3000.0 30.0 1.0E-5 0.1 1.612230309441136E-7 0.09521196444799804 3 0
100000.0 3000.0 30.0 1.0E-5 0.3 1.6115876172514512E-7 0.2953096690707388 3 0
100000.0 3000.0 30.0 1.0E-5 0.5 1.6116684429006142E-7 0.4951142272922397 3 0
100000.0 3000.0 30.0 1.0E-5 0.8 1.6116684280823917E-7 0.7951142272922073 3 0
100000.0 10000.0 1.0 1.0E-4 0.1 1.0019999999978646 0.09990000000010675 2 0
100000.0 10000.0 1.0 1.0E-4 0.3 1.0019999999982367 0.2999000000000882 2 0
100000.0 10000.0 1.0 1.0E-4 0.5 1.0019999999986764 0.4999000000000662 2 0
100000.0 10000.0 1.0 1.0E-4 0.8 1.0019999999993385 0.7999000000000331 2 0
100000.0 10000.0 1.0 3.0E-5 0.1 4.851898530886524E-6 0.09996009109427388 3 0
100000.0 10000.0 1.0 3.0E-5 0.3 4.851422820058235E-6 0.2999700691109199 3 0
100000.0 10000.0 1.0 3.0E-5 0.5 4.851002778648044E-6 0.49995011307739584 3 0
100000.0 10000.0 1.0 3.0E-5 0.8 4.851002791881689E-6 0.7999501130771414 3 0
100000.0 10000.0 1.0 1.0E-5 0.1 4.950214043140146E-6 0.09995015024271763 3 0
100000.0 10000.0 1.0 1.0E-5 0.3 4.9502140357424225E-6 0.2999501502428826 3 0
100000.0 10000.0 1.0 1.0E-5 0.5 4.95021401586943E-6 0.4999501502430818 3 0
100000.0 10000.0 1.0 1.0E-5 0.8 4.9502141061447806E-6 0.7999501502417208 3 0
100000.0 10000.0 3.0 1.0E-4 0.1 1.0013333333329992 0.0998000000000501 2 0
100000.0 10000.0 3.0 1.0E-4 0.3 1.0006666666663258 0.2999000000000512 2 0
100000.0 10000.0 3.0 1.0E-4 0.5 1.0019999999995592 0.49970000000006615 2 0
100000.0 10000.0 3.0 1.0E-4 0.8 1.0019999999997795 0.7997000000000332 2 0
100000.0 10000.0 3.0 3.0E-5 0.1 1.6169576381710926E-6 0.09986031724727785 3 0
100000.0 10000.0 3.0 3.0E-5 0.3 1.6169734689322284E-6 0.2999301606687424 3 0
100000.0 10000.0 3.0 3.0E-5 0.5 1.6170239453454047E-6 0.4999102073306171 3 0
100000.0 10000.0 3.0 3.0E-5 0.8 1.6171825017418366E-6 0.7998802732807001 3 0
100000.0 10000.0 3.0 1.0E-5 0.1 1.6500457167089322E-6 0.09986042075754904 3 0
100000.0 10000.0 3.0 1.0E-5 0.3 1.6499769763070376E-6 0.29987039078995903 3 0
100000.0 10000.0 3.0 1.0E-5 0.5 1.6499355075745789E-6 0.49985045072490714 3 0
100000.0 10000.0 3.0 1.0E-5 0.8 1.6499355284287096E-6 0.799850450724653 3 0
100000.0 10000.0 10.0 1.0E-4 0.1 1.0019999999999794 0.0990000000000103 2 0
100000.0 10000.0 10.0 1.0E-4 0.3 1.001999999999979 0.2990000000000105 2 0
100000.0 10000.0 10.0 1.0E-4 0.5 1.001999999999979 0.49900000000001066 2 0
100000.0 10000.0 10.0 1.0E-4 0.8 1.0019999999999782 0.7990000000000109 2 0
100000.0 10000.0 10.0 3.0E-5 0.1 4.851311076524608E-7 0.09960091093568864 3 0
100000.0 10000.0 10.0 3.0E-5 0.3 4.850835416078519E-7 0.2997006911024623 3 0
100000.0 10000.0 10.0 3.0E-5 0.5 4.851871243910955E-7 0.4995011307689322 3 0
100000.0 10000.0 10.0 3.0E-5 0.8 4.851871256812144E-7 0.7995011307688993 3 0
100000.0 10000.0 10.0 1.0E-5 0.1 4.949958955381555E-7 0.09950150241476784 3 0
100000.0 10000.0 10.0 1.0E-5 0.3 4.94995897828255E-7 0.2995015024147493 3 0
100000.0 10000.0 10.0 1.0E-5 0.5 4.94995897828255E-7 0.4995015024147274 3 0
100000.0 10000.0 10.0 1.0E-5 0.8 4.949958934158015E-7 0.7995015024146943 3 0
100000.0 10000.0 30.0 1.0E-4 0.1 1.0013333333333314 0.09800000000000286 2 0
100000.0 10000.0 30.0 1.0E-4 0.3 1.0006666666666648 0.29900000000000304 2 0
100000.0 10000.0 30.0 1.0E-4 0.5 1.0019999999999978 0.4970000000000032 2 0
100000.0 10000.0 30.0 1.0E-4 0.8 1.0019999999999978 0.7970000000000035 2 0
100000.0 10000.0 30.0 3.0E-5 0.1 1.6172471038980992E-7 0.0986031724733705 3 0
100000.0 10000.0 30.0 3.0E-5 0.3 1.6172629337308488E-7 0.29930160668802264 3 0
100000.0 10000.0 30.0 3.0E-5 0.5 1.6173134240218324E-7 0.499102073307238 3 0
100000.0 10000.0 30.0 3.0E-5 0.8 1.616986668045288E-7 0.7988027328069245 3 0
100000.0 10000.0 30.0 1.0E-5 0.1 1.6499606572210784E-7 0.09860420756844608 3 0
100000.0 10000.0 30.0 1.0E-5 0.3 1.650056996635475E-7 0.298703907892859 3 0
100000.0 10000.0 30.0 1.0E-5 0.5 1.6500155250724145E-7 0.49850450724405015 3 0
100000.0 10000.0 30.0 1.0E-5 0.8 1.6500155303677264E-7 0.798504507244017 3 0
