0.09999999999999999 0.0 4.9944999999999995 0.0 0.0 -0.09999999999999999 0.0
0.20000000000000004 0.0 4.979 0.0 0.0 -0.20000000000000004 0.0
0.3000000000000001 0.0 4.953499999999999 0.0 0.0 -0.3000000000000001 0.0
0.4000000000000002 0.0 4.918 0.0 0.0 -0.4000000000000002 0.0
0.5000000000000002 0.0 4.8725 0.0 0.0 -0.5000000000000002 0.0
0.6000000000000003 0.0 4.817 0.0 0.0 -0.6000000000000003 0.0
0.7000000000000004 0.0 4.7515 0.0 0.0 -0.7000000000000004 0.0
0.8000000000000005 0.0 4.676 0.0 0.0 -0.8000000000000005 0.0
0.9000000000000006 0.0 4.5905 0.0 0.0 -0.9000000000000006 0.0
1.0000000000000007 0.0 4.495 0.0 0.0 -1.0000000000000007 0.0
1.1000000000000008 0.0 4.389499999999999 0.0 0.0 -1.1000000000000008 0.0
1.2000000000000008 0.0 4.274 0.0 0.0 -1.2000000000000008 0.0
1.300000000000001 0.0 4.148499999999999 0.0 0.0 -1.300000000000001 0.0
1.400000000000001 0.0 4.013 0.0 0.0 -1.400000000000001 0.0
1.500000000000001 0.0 3.8674999999999993 0.0 0.0 -1.500000000000001 0.0
1.6000000000000012 0.0 3.7119999999999997 0.0 0.0 -1.6000000000000012 0.0
1.7000000000000013 0.0 3.546499999999999 0.0 0.0 -1.7000000000000013 0.0
1.8000000000000014 0.0 3.3709999999999996 0.0 0.0 -1.8000000000000014 0.0
1.9000000000000015 0.0 3.185499999999999 0.0 0.0 -1.9000000000000015 0.0
2.0000000000000013 0.0 2.9899999999999993 0.0 0.0 -2.0000000000000013 0.0
2.099999999999999 0.0 2.7844999999999986 0.0 0.0 -2.099999999999999 0.0
2.199999999999997 0.0 2.568999999999999 0.0 0.0 -2.199999999999997 0.0
2.299999999999995 0.0 2.3434999999999993 0.0 0.0 -2.299999999999995 0.0
2.399999999999993 0.0 2.1079999999999997 0.0 0.0 -2.399999999999993 0.0
2.4999999999999907 0.0 1.8625000000000005 0.0 0.0 -2.4999999999999907 0.0
2.5999999999999885 0.0 1.607000000000002 0.0 0.0 -2.5999999999999885 0.0
2.6999999999999864 0.0 1.341500000000003 0.0 0.0 -2.6999999999999864 0.0
2.7999999999999843 0.0 1.0660000000000045 0.0 0.0 -2.7999999999999843 0.0
2.899999999999982 0.0 0.8096107393013521 0.0 0.0 -1.5502019747185383 0.0
2.99999999999998 0.0 0.9763514855223472 0.0 0.0 2.828695513351212 0.0
3.099999999999978 0.0 1.2548532917037016 0.0 0.0 2.7400180618135486 0.0
3.1999999999999758 0.0 1.5233550978850565 0.0 0.0 2.6400180618135507 0.0
3.2999999999999736 0.0 1.7818569040664123 0.0 0.0 2.540018061813553 0.0
3.3999999999999715 0.0 2.0303587102477674 0.0 0.0 2.440018061813555 0.0
3.4999999999999694 0.0 2.2688605164291227 0.0 0.0 2.340018061813557 0.0
3.5999999999999672 0.0 2.4973623226104786 0.0 0.0 2.2400180618135592 0.0
3.699999999999965 0.0 2.715864128791835 0.0 0.0 2.1400180618135614 0.0
3.799999999999963 0.0 2.9243659349731908 0.0 0.0 2.0400180618135635 0.0
3.899999999999961 0.0 3.122867741154548 0.0 0.0 1.9400180618135643 0.0
3.9999999999999587 0.0 3.3113695473359037 0.0 0.0 1.8400180618135642 0.0
4.099999999999957 0.0 3.4898713535172607 0.0 0.0 1.740018061813564 0.0
4.199999999999955 0.0 3.6583731596986167 0.0 0.0 1.640018061813564 0.0
4.299999999999953 0.0 3.8168749658799737 0.0 0.0 1.540018061813564 0.0
4.399999999999951 0.0 3.9653767720613295 0.0 0.0 1.4400180618135638 0.0
4.4999999999999485 0.0 4.1038785782426865 0.0 0.0 1.3400180618135638 0.0
4.599999999999946 0.0 4.232380384424043 0.0 0.0 1.2400180618135637 0.0
4.699999999999944 0.0 4.350882190605399 0.0 0.0 1.1400180618135636 0.0
4.799999999999942 0.0 4.459383996786755 0.0 0.0 1.0400180618135635 0.0
4.89999999999994 0.0 4.557885802968112 0.0 0.0 0.9400180618135634 0.0
4.999999999999938 0.0 4.646387609149468 0.0 0.0 0.8400180618135633 0.0
5.099999999999936 0.0 4.724889415330825 0.0 0.0 0.7400180618135632 0.0
5.199999999999934 0.0 4.793391221512181 0.0 0.0 0.6400180618135631 0.0
5.299999999999931 0.0 4.851893027693538 0.0 0.0 0.540018061813563 0.0
5.399999999999929 0.0 4.900394833874894 0.0 0.0 0.44001806181356296 0.0
5.499999999999927 0.0 4.93889664005625 0.0 0.0 0.34001806181356287 0.0
5.599999999999925 0.0 4.967398446237606 0.0 0.0 0.24001806181356278 0.0
5.699999999999923 0.0 4.985900252418963 0.0 0.0 0.1400180618135627 0.0
5.799999999999921 0.0 4.994402058600318 0.0 0.0 0.040018061813562704 0.0
5.899999999999919 0.0 4.992903864781676 0.0 0.0 -0.05998193818643731 0.0
5.9999999999999165 0.0 4.981405670963031 0.0 0.0 -0.1599819381864373 0.0
6.099999999999914 0.0 4.959907477144388 0.0 0.0 -0.2599819381864374 0.0
6.199999999999912 0.0 4.9284092833257445 0.0 0.0 -0.3599819381864375 0.0
6.29999999999991 0.0 4.886911089507101 0.0 0.0 -0.45998193818643757 0.0
6.399999999999908 0.0 4.835412895688457 0.0 0.0 -0.5599819381864376 0.0
6.499999999999906 0.0 4.773914701869813 0.0 0.0 -0.6599819381864377 0.0
6.599999999999904 0.0 4.702416508051169 0.0 0.0 -0.7599819381864378 0.0
6.699999999999902 0.0 4.620918314232526 0.0 0.0 -0.8599819381864379 0.0
6.7999999999998995 0.0 4.5294201204138815 0.0 0.0 -0.959981938186438 0.0
6.899999999999897 0.0 4.427921926595238 0.0 0.0 -1.059981938186438 0.0
6.999999999999895 0.0 4.316423732776594 0.0 0.0 -1.159981938186438 0.0
7.099999999999893 0.0 4.194925538957951 0.0 0.0 -1.259981938186438 0.0
7.199999999999891 0.0 4.063427345139306 0.0 0.0 -1.3599819381864382 0.0
7.299999999999889 0.0 3.921929151320663 0.0 0.0 -1.4599819381864383 0.0
7.399999999999887 0.0 3.7704309575020187 0.0 0.0 -1.5599819381864384 0.0
7.4999999999998845 0.0 3.6089327636833755 0.0 0.0 -1.6599819381864385 0.0
7.599999999999882 0.0 3.437434569864731 0.0 0.0 -1.7599819381864386 0.0
7.69999999999988 0.0 3.2559363760460878 0.0 0.0 -1.8599819381864386 0.0
7.799999999999878 0.0 3.0644381822274434 0.0 0.0 -1.9599819381864387 0.0
7.899999999999876 0.0 2.8629399884088 0.0 0.0 -2.0599819381864375 0.0
7.999999999999874 0.0 2.651441794590156 0.0 0.0 -2.1599819381864354 0.0
8.099999999999872 0.0 2.4299436007715127 0.0 0.0 -2.2599819381864332 0.0
8.19999999999987 0.0 2.1984454069528696 0.0 0.0 -2.359981938186431 0.0
8.299999999999867 0.0 1.9569472131342263 0.0 0.0 -2.459981938186429 0.0
8.399999999999865 0.0 1.705449019315583 0.0 0.0 -2.559981938186427 0.0
8.499999999999863 0.0 1.4439508254969406 0.0 0.0 -2.6599819381864247 0.0
8.599999999999861 0.0 1.1724526316782982 0.0 0.0 -2.7599819381864226 0.0
8.699999999999859 0.0 0.8923837375923912 0.0 0.0 -2.7635885050538933 0.0
8.799999999999857 0.0 0.8703751249112924 0.0 0.0 2.449501013631957 0.0
8.899999999999855 0.0 1.1495926752659338 0.0 0.0 2.7799645569956395 0.0
8.999999999999853 0.0 1.4220891309654973 0.0 0.0 2.6799645569956416 0.0
9.09999999999985 0.0 1.6845855866650619 0.0 0.0 2.5799645569956438 0.0
9.199999999999848 0.0 1.9370820423646262 0.0 0.0 2.479964556995646 0.0
9.299999999999846 0.0 2.179578498064191 0.0 0.0 2.379964556995648 0.0
9.399999999999844 0.0 2.4120749537637556 0.0 0.0 2.27996455699565 0.0
9.499999999999842 0.0 2.6345714094633212 0.0 0.0 2.1799645569956523 0.0
9.59999999999984 0.0 2.8470678651628862 0.0 0.0 2.0799645569956544 0.0
9.699999999999838 0.0 3.049564320862452 0.0 0.0 1.9799645569956559 0.0
9.799999999999836 0.0 3.2420607765620173 0.0 0.0 1.8799645569956558 0.0
9.899999999999833 0.0 3.424557232261583 0.0 0.0 1.7799645569956557 0.0
9.999999999999831 0.0 3.5970536879611483 0.0 0.0 1.6799645569956556 0.0
